Well,Time,Observed,Simulated
699-101-45,2014-01-31,115.991,116.1564
699-101-45,2014-02-14,,116.0218
699-101-45,2014-03-16,115.82,116.136
699-101-45,2014-04-15,116.489,116.5675
699-101-45,2014-05-16,,117.066
699-101-45,2014-06-15,,117.3865
699-101-45,2014-07-16,116.977,117.326
699-101-45,2014-08-16,116.2331,116.9633
699-101-45,2014-09-15,115.3065,116.325
699-101-45,2014-10-16,115.4377,115.8306
699-101-45,2014-11-15,115.82,115.8378
699-101-45,2014-12-16,116.1639,116.1247
699-101-45,2015-01-16,116.825,116.5477
699-101-45,2015-02-14,116.9799,116.9337
699-101-45,2015-03-16,116.829,117.0591
699-101-45,2015-04-15,116.039,116.9177
699-101-45,2015-07-16,116.221,116.5879
699-101-45,2015-09-15,115.5185,116.2525
699-101-45,2015-10-16,115.5049,115.894
699-101-45,2015-11-15,115.8459,115.9032
699-101-45,2015-12-16,115.895,116.0195
699-101-45,2016-01-16,116.0034,116.103
699-101-45,2016-02-15,116.0809,116.1988
699-101-45,2016-03-16,116.3128,116.3579
699-101-45,2016-04-15,116.8414,116.7402
699-101-45,2016-06-15,116.6921,116.9316
699-101-45,2016-07-16,116.3282,116.7843
699-101-45,2016-08-16,116.0414,116.5172
699-101-45,2016-09-15,115.4505,116.1236
699-101-45,2016-10-16,115.6138,115.8825
699-101-45,2016-11-15,116.1085,116.0498
699-101-45,2016-12-16,116.3441,116.3722
699-101-45,2017-01-16,116.5182,116.6278
699-101-45,2017-02-14,116.3662,116.7029
699-101-45,2017-03-16,116.8219,116.8734
699-101-45,2017-04-15,117.6812,117.3961
699-101-45,2017-07-16,,117.646
699-101-45,2017-10-16,115.569,115.9208
699-101-45,2018-03-16,116.724,116.8268
699-101-45,2018-05-16,,117.7055
699-101-45,2018-06-15,117.5791,118.1115
699-101-45,2018-07-16,116.6791,117.4794
699-101-45,2018-08-16,116.1755,116.8666
699-101-45,2018-09-15,115.4972,116.3073
699-101-45,2018-10-16,115.3782,115.9036
699-101-45,2018-11-15,115.953,115.9337
699-101-45,2018-12-16,115.8938,116.0998
699-101-45,2019-01-16,116.0032,116.1939
699-101-45,2019-02-14,116.0028,116.2625
699-101-45,2019-03-16,115.6801,116.1364
699-101-45,2019-04-15,115.6313,115.9829
699-101-45,2019-05-16,116.7441,116.3408
699-101-45,2019-06-15,116.4723,116.6569
699-101-45,2019-07-16,115.9935,116.4337
699-101-45,2019-08-16,116.0012,116.2268
699-101-45,2019-09-15,115.2108,115.8984
699-101-45,2019-10-16,115.183,115.5452
699-101-45,2019-11-15,115.8973,115.6957
699-101-45,2019-12-16,115.8933,115.9522
699-101-45,2020-01-16,116.0946,116.0368
699-101-45,2020-02-14,116.4433,116.1978
699-101-45,2020-03-16,115.8218,116.1166
699-101-45,2020-04-15,115.7408,115.873
699-101-45,2020-05-16,117.3246,116.4067
699-101-45,2020-06-15,117.8123,117.2207
699-101-45,2020-07-16,117.1413,117.3024
699-101-45,2020-08-16,116.4836,116.8915
699-101-45,2020-09-15,115.6083,116.3169
699-101-45,2020-10-16,115.5139,115.8271
699-101-45,2020-11-15,116.1415,115.8601
699-101-45,2020-12-16,116.1388,116.0584
699-100-43B,2014-01-31,115.5454,115.3636
699-100-43B,2014-02-14,115.2192,115.1546
699-100-43B,2014-03-16,115.296,115.3709
699-100-43B,2014-04-15,116.013,115.9892
699-100-43B,2014-05-16,117.2168,116.5817
699-100-43B,2014-06-15,117.057,116.8812
699-100-43B,2014-07-16,116.403,116.6519
699-100-43B,2014-08-16,115.4754,116.1123
699-100-43B,2014-09-15,115.1916,115.2883
699-100-43B,2014-10-16,115.1696,114.7927
699-100-43B,2014-11-15,115.6073,114.9734
699-100-43B,2014-12-16,115.8303,115.4083
699-100-43B,2015-01-16,116.2523,115.8658
699-100-43B,2015-02-14,116.5625,116.2345
699-100-43B,2015-03-16,116.3043,116.2764
699-100-43B,2015-04-15,115.8896,115.9936
699-100-43B,2015-05-16,115.9105,115.8403
699-100-43B,2015-06-15,115.8426,115.8118
699-100-43B,2015-07-16,115.7533,115.6323
699-100-43B,2015-08-16,115.898,115.5488
699-100-43B,2015-09-15,115.3161,115.2441
699-100-43B,2015-10-16,115.2515,114.8715
699-100-43B,2015-11-15,115.6047,115.028
699-100-43B,2015-12-16,115.5385,115.2483
699-100-43B,2016-01-16,115.6443,115.3465
699-100-43B,2016-02-15,115.727,115.4651
699-100-43B,2016-03-16,115.9403,115.6546
699-100-43B,2016-04-15,116.6954,116.1287
699-100-43B,2016-05-16,116.4368,116.3547
699-100-43B,2016-06-15,116.2657,116.1688
699-100-43B,2016-07-16,115.9537,115.9255
699-100-43B,2016-08-16,115.7079,115.5907
699-100-43B,2016-09-15,115.1863,115.123
699-100-43B,2016-10-16,115.356,114.9034
699-100-43B,2016-11-15,115.8321,115.23
699-100-43B,2016-12-16,115.9959,115.6545
699-100-43B,2017-01-16,116.1666,115.9109
699-100-43B,2017-02-14,116.0054,115.9331
699-100-43B,2017-03-16,116.6188,116.1434
699-100-43B,2017-04-15,117.5297,116.8092
699-100-43B,2017-05-16,118.0194,117.4477
699-100-43B,2017-06-15,117.6885,117.5776
699-100-43B,2017-07-16,116.223,116.7526
699-100-43B,2017-08-16,115.663,115.7133
699-100-43B,2017-09-15,115.3792,115.2028
699-100-43B,2017-10-16,115.0812,114.8436
699-100-43B,2017-11-15,115.3658,114.8085
699-100-43B,2017-12-16,115.6869,115.1913
699-100-43B,2018-01-16,116.0971,115.6688
699-100-43B,2018-02-14,116.5849,116.1313
699-100-43B,2018-03-16,115.9937,116.0938
699-100-43B,2018-04-15,116.4668,116.0596
699-100-43B,2018-05-16,118.5501,117.2791
699-100-43B,2018-06-15,117.1596,117.564
699-100-43B,2018-07-16,116.1708,116.4594
699-100-43B,2018-08-16,115.7681,115.7464
699-100-43B,2018-09-15,115.2176,115.1485
699-100-43B,2018-10-16,115.1182,114.7771
699-100-43B,2018-11-15,115.6638,114.9946
699-100-43B,2018-12-16,115.4962,115.2312
699-100-43B,2019-01-16,115.5866,115.279
699-100-43B,2019-02-14,115.5616,115.3331
699-100-43B,2019-03-16,115.277,115.1631
699-100-43B,2019-04-15,115.266,115.0278
699-100-43B,2019-05-16,116.3588,115.6165
699-100-43B,2019-06-15,115.9939,115.9876
699-100-43B,2019-07-16,115.5922,115.5854
699-100-43B,2019-08-16,115.6431,115.3409
699-100-43B,2019-09-15,115.0267,114.9366
699-100-43B,2019-10-16,114.905,114.5741
699-100-43B,2019-11-15,115.4412,114.9406
699-100-43B,2019-12-16,115.3245,115.2736
699-100-43B,2020-01-16,115.5229,115.3718
699-100-43B,2020-02-14,115.8259,115.6337
699-100-43B,2020-03-16,115.2106,115.4591
699-100-43B,2020-04-15,115.1972,115.1394
699-100-43B,2020-05-16,116.3444,115.9839
699-100-43B,2020-10-16,115.195,114.8806
699-97-41,2014-01-31,115.6465,115.6613
699-97-41,2014-02-14,115.543,115.6182
699-97-41,2014-03-16,115.511,115.6305
699-97-41,2014-04-15,115.7293,115.7919
699-97-41,2014-05-16,116.117,116.1031
699-97-41,2014-06-15,116.458,116.3972
699-97-41,2014-07-16,116.446,116.5096
699-97-41,2014-08-16,116.2156,116.4231
699-97-41,2014-09-15,116.0099,116.1716
699-97-41,2014-10-16,115.7738,115.8916
699-97-41,2014-11-15,115.634,115.7319
699-97-41,2014-12-16,115.6636,115.7266
699-97-41,2015-01-16,115.7767,115.7454
699-97-41,2015-02-14,115.9487,115.7571
699-97-41,2015-03-16,116.0212,115.7891
699-97-41,2015-04-15,115.9752,115.7396
699-97-41,2015-05-16,115.7858,115.6986
699-97-41,2015-06-15,115.6895,115.6921
699-97-41,2015-07-16,115.3652,115.5102
699-97-41,2015-08-16,115.1308,115.2654
699-97-41,2015-09-15,114.9926,115.0896
699-97-41,2015-10-16,114.8373,114.9249
699-97-41,2015-11-15,114.762,114.8628
699-97-41,2015-12-16,114.7704,114.8824
699-97-41,2016-01-16,114.7703,114.9227
699-97-41,2016-02-15,114.7499,114.9677
699-97-41,2016-03-16,114.8331,115.0425
699-97-41,2016-04-15,114.9613,115.2248
699-97-41,2016-05-16,115.2157,115.381
699-97-41,2016-06-15,115.1676,115.396
699-97-41,2016-07-16,115.1043,115.3282
699-97-41,2016-08-16,114.9993,115.2034
699-97-41,2016-09-15,114.9211,115.0532
699-97-41,2016-10-16,114.8039,114.9119
699-97-41,2016-11-15,114.8329,114.8753
699-97-41,2016-12-16,114.9449,114.9863
699-97-41,2017-01-16,115.0654,115.105
699-97-41,2017-02-14,115.0864,115.145
699-97-41,2017-03-16,115.0525,115.1844
699-97-41,2017-04-15,115.5315,115.3638
699-97-41,2017-05-16,115.9593,115.7111
699-97-41,2017-06-15,116.3912,115.9484
699-97-41,2017-07-16,116.0183,115.888
699-97-41,2017-08-16,115.8138,115.738
699-97-41,2017-09-15,115.6208,115.5479
699-97-41,2017-10-16,115.2922,115.2624
699-97-41,2017-11-15,114.9842,114.9472
699-97-41,2017-12-16,114.9073,114.7483
699-97-41,2018-01-16,114.9531,114.8166
699-97-41,2018-02-14,115.1028,114.9981
699-97-41,2018-03-16,115.1782,115.1061
699-97-41,2018-04-15,115.1007,115.1459
699-97-41,2018-05-16,115.9042,115.6543
699-97-41,2018-06-15,116.443,116.0982
699-97-41,2018-07-16,115.9497,115.853
699-97-41,2018-08-16,115.7692,115.5415
699-97-41,2018-09-15,115.4636,115.2784
699-97-41,2018-10-16,115.2203,114.9885
699-97-41,2018-11-15,115.1064,114.882
699-97-41,2018-12-16,115.0483,114.8442
699-97-41,2019-01-16,114.972,114.8164
699-97-41,2019-02-14,114.949,114.8425
699-97-41,2019-03-16,114.9401,114.8614
699-97-41,2019-04-15,114.8259,114.8342
699-97-41,2019-05-16,114.982,114.973
699-97-41,2019-06-15,115.1056,115.141
699-97-41,2019-07-16,114.9859,115.1039
699-97-41,2019-08-16,114.8487,114.9684
699-97-41,2019-09-15,114.7051,114.7908
699-97-41,2019-10-16,114.5477,114.6101
699-97-41,2019-11-15,114.479,114.5647
699-97-41,2019-12-16,114.5034,114.618
699-97-41,2020-01-16,114.5074,114.7
699-97-41,2020-02-14,114.6456,114.8189
699-97-41,2020-03-16,114.789,114.9169
699-97-41,2020-04-15,114.8196,114.9832
699-97-41,2020-05-16,115.0237,115.2558
699-97-41,2020-06-15,115.687,115.651
699-97-41,2020-07-16,115.8513,115.7989
699-97-41,2020-08-16,115.4771,115.6028
699-97-41,2020-09-15,115.2268,115.3139
699-97-41,2020-10-16,114.977,115.0635
699-97-41,2020-11-15,114.8967,114.9545
699-97-41,2020-12-16,114.8316,114.926
699-98-43,2014-01-31,115.6471,115.5544
699-98-43,2014-02-14,115.6107,115.5209
699-98-43,2014-03-16,115.52,115.5428
699-98-43,2014-04-15,115.7507,115.6835
699-98-43,2014-05-16,116.1784,115.9412
699-98-43,2014-06-15,116.6211,116.1821
699-98-43,2014-07-16,116.6505,116.2684
699-98-43,2014-08-16,116.1786,116.1922
699-98-43,2014-09-15,116.0308,115.9966
699-98-43,2014-10-16,115.715,115.786
699-98-43,2014-11-15,115.679,115.6712
699-98-43,2015-02-14,115.9367,115.8642
699-98-43,2015-03-16,116.0595,115.9573
699-98-43,2015-04-15,116.022,115.9604
699-98-43,2015-05-16,115.8555,115.9326
699-98-43,2015-06-15,115.835,115.9156
699-98-43,2015-07-16,115.7193,115.8537
699-98-43,2015-08-16,115.6101,115.7728
699-98-43,2015-09-15,115.524,115.6688
699-98-43,2015-10-16,115.3741,115.5393
699-98-43,2015-11-15,115.2787,115.4821
699-98-43,2015-12-16,115.2932,115.4865
699-98-43,2016-01-16,115.2991,115.5119
699-98-43,2016-02-15,115.2981,115.5496
699-98-43,2016-03-16,115.3758,115.6121
699-98-43,2016-04-15,115.4828,115.7571
699-98-43,2016-05-16,115.8998,115.8997
699-98-43,2016-06-15,115.846,115.9469
699-98-43,2016-07-16,115.7776,115.9309
699-98-43,2016-08-16,115.6421,115.8592
699-98-43,2016-09-15,115.509,115.7379
699-98-43,2016-10-16,115.3676,115.6123
699-98-43,2016-11-15,115.3784,115.5742
699-98-43,2016-12-16,115.4365,115.6249
699-98-43,2017-01-16,115.5805,115.715
699-98-43,2017-02-14,115.626,115.7757
699-98-43,2017-03-16,115.6668,115.8508
699-98-43,2017-04-15,116.2503,116.0408
699-98-43,2017-05-16,116.7713,116.3795
699-98-43,2017-06-15,117.233,116.6478
699-98-43,2017-07-16,116.6542,116.5851
699-98-43,2017-08-16,116.2211,116.3277
699-98-43,2017-09-15,115.978,116.0818
699-98-43,2017-10-16,115.7497,115.8448
699-98-43,2017-11-15,115.5691,115.6938
699-98-43,2017-12-16,115.52,115.6573
699-98-43,2018-01-16,115.5772,115.7223
699-98-43,2018-02-14,115.7387,115.8464
699-98-43,2018-03-16,115.8759,115.9168
699-98-43,2018-04-15,115.793,115.9623
699-98-43,2018-05-16,116.5839,116.3595
699-98-43,2018-06-15,117.1845,116.6759
699-98-43,2018-07-16,116.5416,116.5239
699-98-43,2018-08-16,116.22,116.2871
699-98-43,2018-09-15,115.969,116.0564
699-98-43,2018-10-16,115.7514,115.8321
699-98-43,2018-11-15,115.6502,115.7279
699-98-43,2018-12-16,115.6436,115.6946
699-98-43,2019-01-16,115.5884,115.6804
699-98-43,2019-02-14,115.5567,115.684
699-98-43,2019-03-16,115.5394,115.6577
699-98-43,2019-04-15,115.4534,115.6124
699-98-43,2019-05-16,115.5425,115.6987
699-98-43,2019-06-15,115.7705,115.8092
699-98-43,2019-07-16,115.6622,115.7906
699-98-43,2019-08-16,115.5022,115.7048
699-98-43,2019-09-15,115.3638,115.5605
699-98-43,2019-10-16,115.2183,115.4069
699-98-43,2019-11-15,115.1308,115.369
699-98-43,2019-12-16,115.1682,115.4054
699-98-43,2020-01-16,115.1466,115.4594
699-98-43,2020-03-16,115.3531,115.5852
699-98-43,2020-04-15,115.2619,115.543
699-98-43,2020-06-15,116.3602,116.0671
699-98-43,2020-07-16,116.5864,116.2542
699-98-43,2020-08-16,116.1902,116.1842
699-98-43,2020-09-15,115.9285,116.0038
699-98-43,2020-10-16,115.7171,115.7972
699-98-43,2020-11-15,115.5156,115.659
699-98-43,2020-12-16,115.478,115.6086
699-99-41,2014-01-31,115.3872,115.1572
699-99-41,2014-02-14,115.0152,114.9553
699-99-41,2014-03-16,115.6775,115.1698
699-99-41,2014-04-15,115.9915,115.7707
699-99-41,2014-05-16,116.5193,116.3425
699-99-41,2014-06-15,116.6063,116.6198
699-99-41,2014-07-16,116.4317,116.3765
699-99-41,2014-08-16,115.8587,115.8483
699-99-41,2014-09-15,115.1391,115.0697
699-99-41,2014-10-16,115.0962,114.604
699-99-41,2014-11-15,115.354,114.7793
699-99-41,2015-02-14,116.1323,115.9676
699-99-41,2015-03-16,116.0236,115.9868
699-99-41,2015-04-15,115.7556,115.7098
699-99-41,2015-05-16,115.7019,115.5775
699-99-41,2015-06-15,115.6394,115.5707
699-99-41,2015-07-16,115.4931,115.3983
699-99-41,2015-08-16,115.6007,115.309
699-99-41,2015-09-15,115.0106,115.0023
699-99-41,2015-10-16,114.9148,114.6235
699-99-41,2015-11-15,115.2697,114.7843
699-99-41,2015-12-16,115.2831,115.0215
699-99-41,2016-01-16,115.3883,115.1246
699-99-41,2016-02-15,115.4626,115.2415
699-99-41,2016-03-16,115.6886,115.4285
699-99-41,2016-04-15,116.0592,115.8861
699-99-41,2016-05-16,116.0466,116.0941
699-99-41,2016-06-15,115.9338,115.9082
699-99-41,2016-07-16,115.6988,115.6697
699-99-41,2016-08-16,115.4466,115.3442
699-99-41,2016-09-15,114.8517,114.8807
699-99-41,2016-10-16,115.0214,114.6661
699-99-41,2016-11-15,115.5258,114.9995
699-99-41,2016-12-16,115.7494,115.4274
699-99-41,2017-01-16,115.9263,115.6848
699-99-41,2017-02-14,115.7605,115.7041
699-99-41,2017-03-16,116.0095,115.8965
699-99-41,2017-04-15,116.6156,116.521
699-99-41,2017-05-16,117.0547,117.1457
699-99-41,2017-06-15,117.1035,117.2689
699-99-41,2017-07-16,116.0176,116.4347
699-99-41,2017-08-16,115.4561,115.4292
699-99-41,2017-09-15,115.1248,114.9442
699-99-41,2017-10-16,114.7431,114.5845
699-99-41,2017-11-15,114.9936,114.5598
699-99-41,2017-12-16,115.4012,114.9587
699-99-41,2018-01-16,115.7994,115.4439
699-99-41,2018-02-14,116.0662,115.8933
699-99-41,2018-03-16,115.7459,115.8458
699-99-41,2018-04-15,115.9701,115.818
699-99-41,2018-05-16,117.3665,117.0211
699-99-41,2018-06-15,116.8207,117.2901
699-99-41,2018-07-16,115.9839,116.1748
699-99-41,2018-08-16,115.5657,115.4718
699-99-41,2018-09-15,114.9246,114.9015
699-99-41,2018-10-16,114.7864,114.5415
699-99-41,2018-11-15,115.3293,114.7688
699-99-41,2018-12-16,115.2333,115.0138
699-99-41,2019-01-16,115.3176,115.0618
699-99-41,2019-02-14,115.3049,115.114
699-99-41,2019-03-16,114.9895,114.9455
699-99-41,2019-04-15,114.9466,114.8109
699-99-41,2019-05-16,115.941,115.3931
699-99-41,2019-06-15,115.746,115.7559
699-99-41,2019-07-16,115.3454,115.3598
699-99-41,2019-08-16,115.3605,115.1201
699-99-41,2019-09-15,114.6267,114.7124
699-99-41,2019-10-16,114.53,114.3233
699-99-41,2019-11-15,115.261,114.6689
699-99-41,2019-12-16,115.2167,115.0072
699-99-41,2020-01-16,115.4123,115.1288
699-99-41,2020-02-14,115.7273,115.4173
699-99-41,2020-03-16,115.1282,115.2557
699-99-41,2020-04-15,115.0753,114.9441
699-99-41,2020-05-16,116.3112,115.7842
699-99-41,2020-06-15,116.7875,116.7909
699-99-41,2020-07-16,116.3928,116.6272
699-99-41,2020-08-16,115.7955,115.9156
699-99-41,2020-09-15,114.9982,115.1585
699-99-41,2020-10-16,114.8815,114.6687
699-99-41,2020-11-15,115.4907,114.9129
699-99-41,2020-12-16,115.4652,115.2273
699-99-42B,2014-01-31,115.6167,115.2445
699-99-42B,2014-02-14,115.4051,115.0601
699-99-42B,2014-03-16,115.7858,115.2583
699-99-42B,2014-04-15,116.1801,115.819
699-99-42B,2014-05-16,116.9133,116.3841
699-99-42B,2014-06-15,116.9658,116.682
699-99-42B,2014-07-16,116.7173,116.4671
699-99-42B,2014-08-16,116.0823,115.946
699-99-42B,2014-09-15,115.2621,115.1927
699-99-42B,2014-10-16,115.1167,114.7548
699-99-42B,2014-11-15,115.4417,114.9032
699-99-42B,2014-12-16,115.5868,115.2849
699-99-42B,2015-01-16,115.8939,115.6929
699-99-42B,2015-02-14,116.1637,116.0265
699-99-42B,2015-03-16,116.0226,116.0646
699-99-42B,2015-04-15,115.7582,115.7984
699-99-42B,2015-05-16,115.6551,115.6619
699-99-42B,2015-06-15,115.6709,115.6462
699-99-42B,2015-07-16,115.5646,115.4789
699-99-42B,2015-08-16,115.6556,115.3846
699-99-42B,2015-09-15,115.2099,115.1132
699-99-42B,2015-10-16,115.0765,114.7858
699-99-42B,2015-11-15,115.3223,114.9254
699-99-42B,2015-12-16,115.344,115.1321
699-99-42B,2016-01-16,115.3817,115.2259
699-99-42B,2016-02-15,115.4608,115.3326
699-99-42B,2016-03-16,115.6234,115.5038
699-99-42B,2016-04-15,116.1271,115.9446
699-99-42B,2016-05-16,116.1625,116.1526
699-99-42B,2016-06-15,115.977,115.9684
699-99-42B,2016-07-16,115.7589,115.737
699-99-42B,2016-08-16,115.5574,115.4358
699-99-42B,2016-09-15,115.1078,115.0225
699-99-42B,2016-10-16,115.1302,114.828
699-99-42B,2016-11-15,115.624,115.1157
699-99-42B,2016-12-16,115.7493,115.5041
699-99-42B,2017-01-16,115.9401,115.7505
699-99-42B,2017-02-14,115.7878,115.7755
699-99-42B,2017-03-16,116.0933,115.9691
699-99-42B,2017-04-15,116.9318,116.5922
699-99-42B,2017-05-16,117.4333,117.2196
699-99-42B,2017-06-15,117.3491,117.3615
699-99-42B,2017-07-16,116.1353,116.5643
699-99-42B,2017-08-16,115.7178,115.5907
699-99-42B,2017-09-15,115.3876,115.1358
699-99-42B,2017-10-16,115.0451,114.8041
699-99-42B,2017-11-15,115.171,114.7623
699-99-42B,2017-12-16,115.401,115.0971
699-99-42B,2018-01-16,115.7911,115.5287
699-99-42B,2018-02-14,116.1434,115.9508
699-99-42B,2018-03-16,115.8225,115.9124
699-99-42B,2018-04-15,116.0046,115.8849
699-99-42B,2018-05-16,117.8241,117.067
699-99-42B,2018-06-15,116.9599,117.3618
699-99-42B,2018-07-16,116.0668,116.2871
699-99-42B,2018-08-16,115.7318,115.6035
699-99-42B,2018-09-15,115.2535,115.0747
699-99-42B,2018-10-16,115.0805,114.7444
699-99-42B,2018-11-15,115.6,114.9344
699-99-42B,2018-12-16,115.5209,115.1471
699-99-42B,2019-03-16,115.3423,115.0888
699-99-42B,2019-04-15,115.1009,114.9652
699-99-42B,2019-05-16,115.9847,115.502
699-99-42B,2019-06-15,115.8639,115.8301
699-99-42B,2019-07-16,115.4767,115.4551
699-99-42B,2019-08-16,115.4978,115.2252
699-99-42B,2019-09-15,115.0472,114.8724
699-99-42B,2019-10-16,114.808,114.5376
699-99-42B,2019-11-15,115.3581,114.8314
699-99-42B,2019-12-16,115.3691,115.1233
699-99-42B,2020-01-16,115.4405,115.2267
699-99-42B,2020-02-14,115.7377,115.4809
699-99-42B,2020-03-16,115.3808,115.3326
699-99-42B,2020-04-15,115.1842,115.0507
699-99-42B,2020-05-16,116.4474,115.8328
699-99-42B,2020-06-15,117.0997,116.7908
699-99-42B,2020-07-16,116.5523,116.6632
699-99-42B,2020-08-16,115.9613,115.9932
699-99-42B,2020-10-16,115.175,114.846
9-199-H1-38,2017-11-15,,114.7552
9-199-H1-46,2016-03-16,,115.4345
9-199-H1-48,2018-01-16,,115.1341
199-H4-92,2015-08-16,,116.9645
199-H4-92,2015-10-16,,116.8975
199-H4-92,2016-01-16,,116.8257
199-H4-92,2016-04-15,,116.8464
699-94-43,2014-02-14,117.433,117.2232
699-94-43,2014-03-16,117.437,117.2242
699-94-43,2014-06-15,117.419,117.3381
699-94-43,2014-08-16,117.543,117.4862
699-94-43,2014-11-15,117.516,117.4832
699-94-43,2015-02-14,117.49,117.3857
699-94-43,2015-03-16,117.47,117.3689
699-94-43,2015-05-16,117.485,117.3414
699-94-43,2015-08-16,117.482,117.3122
699-94-43,2015-11-15,117.39,117.2206
699-94-43,2016-02-15,117.346,117.1671
699-94-43,2016-03-16,117.354,117.167
699-94-43,2016-05-16,117.434,117.2277
699-94-43,2016-10-16,117.086,117.1216
699-94-43,2017-03-16,116.849,116.918
699-94-43,2017-04-15,116.869,116.9471
699-94-43,2017-05-16,116.9565,117.032
699-94-43,2017-06-15,117.0764,117.1492
699-94-43,2017-07-16,117.2364,117.2667
699-94-43,2017-08-16,117.408,117.3651
699-94-43,2017-09-15,117.557,117.4404
699-94-43,2017-10-16,117.5119,117.4354
699-94-43,2017-11-15,117.4389,117.3689
699-94-43,2017-12-16,117.3726,117.305
699-94-43,2018-01-16,117.3152,117.2555
699-94-43,2018-02-14,117.2777,117.2293
699-94-43,2018-03-16,117.2877,117.2217
699-94-43,2018-04-15,117.2829,117.2239
699-94-43,2018-05-16,117.3281,117.2605
699-94-43,2018-06-15,117.4071,117.3312
699-94-43,2018-07-16,117.4817,117.4009
699-94-43,2018-08-16,117.5467,117.4476
699-94-43,2018-09-15,117.5444,117.4517
699-94-43,2018-10-16,117.5168,117.4182
699-94-43,2018-11-15,117.4909,117.3783
699-94-43,2018-12-16,117.453,117.3319
699-94-43,2019-01-16,117.4236,117.2929
699-94-43,2019-02-14,117.4106,117.267
699-94-43,2019-03-16,117.3944,117.2428
699-94-43,2019-04-15,117.3757,117.2133
699-94-43,2019-05-16,117.3055,117.1824
699-94-43,2019-06-15,117.274,117.1688
699-94-43,2019-07-16,117.3189,117.1705
699-94-43,2019-08-16,117.3213,117.178
699-94-43,2019-09-15,117.3117,117.1805
699-94-43,2019-10-16,117.2754,117.1656
699-94-43,2019-11-15,117.2363,117.1374
699-94-43,2020-03-16,117.13,117.0445
699-94-43,2020-10-16,117.24,117.2023
699-95-45,2014-02-14,117.465,117.3829
699-95-45,2014-03-16,117.474,117.3829
699-95-45,2014-06-15,117.534,117.5117
699-95-45,2014-08-16,117.733,117.6779
699-95-45,2014-11-15,117.608,117.6581
699-95-45,2015-02-14,117.59,117.5905
699-95-45,2015-03-16,117.587,117.6028
699-95-45,2015-05-16,117.587,117.6091
699-95-45,2015-08-16,117.553,117.6079
699-95-45,2015-11-15,117.546,117.5942
699-95-45,2016-02-15,117.642,117.5958
699-95-45,2016-03-16,117.663,117.6106
699-95-45,2016-05-16,117.821,117.7236
699-95-45,2016-10-16,117.522,117.7327
699-95-45,2017-03-16,117.25,117.3198
699-95-45,2017-10-16,118.008,118.044
699-95-45,2018-03-16,117.911,117.9648
699-95-45,2018-10-16,118.011,118.1632
699-95-45,2019-03-16,117.7077,117.8653
699-95-45,2019-04-15,117.5702,117.7999
699-95-45,2019-05-16,117.5129,117.7426
699-95-45,2019-06-15,117.5586,117.7305
699-95-45,2019-07-16,117.583,117.744
699-95-45,2019-08-16,117.5917,117.7591
699-95-45,2019-09-15,117.585,117.7577
699-95-45,2019-10-16,117.5216,117.7172
699-95-45,2019-11-15,117.481,117.6748
699-95-45,2019-12-16,117.4699,117.6441
699-95-45,2020-01-16,117.6534,117.6334
699-95-45,2020-02-14,117.6604,117.6239
699-95-45,2020-03-16,117.6265,117.5919
699-95-45,2020-04-15,117.5992,117.556
699-95-45,2020-05-16,117.6065,117.5519
699-95-45,2020-06-15,117.7366,117.6518
699-95-45,2020-07-16,117.8827,117.7805
699-95-45,2020-08-16,117.8804,117.7894
699-95-45,2020-09-15,117.8265,117.7583
699-95-45,2020-10-16,117.8341,117.7588
699-95-45,2020-11-15,117.8119,117.7627
699-95-45,2020-12-16,117.7954,117.7615
699-96-43,2014-03-16,116.84,116.4879
699-96-43,2014-05-16,116.807,116.5896
699-96-43,2014-10-16,116.997,116.8436
699-96-43,2014-11-15,116.923,116.7746
699-96-43,2015-03-16,116.843,116.6255
699-96-43,2015-05-16,116.891,116.6003
699-96-43,2015-10-16,116.8605,116.4411
699-96-43,2016-03-16,116.944,116.4184
699-96-43,2016-05-16,116.964,116.5129
699-96-43,2016-10-16,116.905,116.4995
699-96-43,2017-03-16,116.514,116.2541
699-96-43,2017-05-16,116.791,116.4932
699-96-43,2017-10-16,117.222,116.7524
699-96-43,2018-03-16,117.157,116.5878
699-96-43,2019-03-16,117.085,116.5449
699-96-43,2020-03-16,116.82,116.3579
699-96-44,2014-05-16,116.767,116.5672
699-96-44,2014-10-16,116.954,116.8191
699-96-44,2015-05-16,116.848,116.5693
699-96-44,2015-10-16,116.904,116.3998
699-96-44,2016-05-16,116.844,116.4708
699-96-44,2016-10-16,116.865,116.4548
699-96-44,2017-02-14,116.1693,116.2233
699-96-44,2017-03-16,116.4667,116.2201
699-96-44,2017-04-15,116.534,116.287
699-96-44,2017-05-16,116.7659,116.4552
699-96-44,2017-06-15,117.0756,116.645
699-96-44,2017-07-16,117.3387,116.7717
699-96-44,2017-08-16,117.3742,116.8037
699-96-44,2017-09-15,117.2345,116.7726
699-96-44,2017-10-16,117.2225,116.7069
699-96-44,2017-11-15,117.2564,116.6413
699-96-44,2017-12-16,117.1752,116.5777
699-96-44,2018-01-16,117.1231,116.534
699-96-44,2018-02-14,117.0901,116.5258
699-96-44,2018-03-16,117.1219,116.5392
699-96-44,2018-04-15,117.1396,116.5598
699-96-44,2018-05-16,117.1828,116.652
699-96-44,2018-06-15,117.2597,116.7905
699-96-44,2018-07-16,117.3537,116.8784
699-96-44,2018-08-16,117.3725,116.8921
699-96-44,2018-09-15,117.3623,116.8458
699-96-44,2018-10-16,117.3052,116.7544
699-96-44,2018-11-15,117.2181,116.6725
699-96-44,2018-12-16,117.1851,116.6172
699-96-44,2019-01-16,117.142,116.5718
699-96-44,2019-02-14,117.0895,116.5337
699-96-44,2019-03-16,117.0507,116.498
699-96-44,2019-04-15,116.9994,116.4564
699-96-44,2019-05-16,116.9439,116.4268
699-96-44,2019-06-15,116.9089,116.4254
699-96-44,2019-07-16,116.9247,116.4315
699-96-44,2019-08-16,116.908,116.4314
699-96-44,2019-09-15,116.9229,116.4169
699-96-44,2019-10-16,116.878,116.3781
699-96-44,2019-11-15,116.8365,116.3379
699-96-44,2019-12-16,116.8136,116.309
699-96-44,2020-01-16,116.7163,116.2992
699-96-44,2020-02-14,116.734,116.3074
699-96-44,2020-03-16,116.699,116.3154
699-96-44,2020-04-15,116.6785,116.3109
699-96-44,2020-05-16,116.6583,116.3269
699-96-44,2020-06-15,116.723,116.4119
699-96-44,2020-07-16,116.8988,116.5344
699-96-44,2020-08-16,116.9414,116.5932
699-96-44,2020-09-15,116.8678,116.576
699-96-44,2020-10-16,116.8861,116.5225
699-96-44,2020-11-15,116.8761,116.4717
699-96-44,2020-12-16,116.858,116.4382
699-96-45,2014-05-16,116.788,116.5765
699-96-45,2014-10-16,116.979,116.8293
699-96-45,2015-05-16,116.825,116.5823
699-96-45,2015-10-16,116.836,116.4172
699-96-45,2016-05-16,116.935,116.4886
699-96-45,2016-10-16,116.885,116.4737
699-96-45,2017-05-16,116.767,116.4712
699-96-45,2017-10-16,117.198,116.7261
699-97-43B,2014-03-16,116.123,115.9004
699-97-43B,2014-10-16,116.313,116.2145
699-97-43B,2015-03-16,116.323,116.1132
699-97-43B,2015-10-16,116.011,115.7275
699-97-43B,2016-03-16,116.026,115.7236
699-97-43B,2016-11-15,116.05,115.7086
699-97-43B,2017-02-14,116.011,115.7639
699-97-43B,2017-03-16,116.016,115.7995
699-97-43B,2017-05-16,116.237,116.1144
699-97-43B,2017-10-16,116.335,116.0228
699-97-43B,2018-02-14,116.232,115.8472
699-97-43B,2018-03-16,116.281,115.9017
699-97-43B,2018-05-16,116.307,116.1619
699-97-43B,2018-11-15,,115.9302
699-97-43B,2019-01-16,,115.8611
699-97-43B,2019-03-16,116.272,115.8145
699-97-43B,2019-05-16,116.188,115.7749
699-97-43B,2019-11-15,116.063,115.5947
699-97-43B,2020-02-14,116.04,115.6489
699-97-43B,2020-03-16,116.09,115.6945
699-97-43B,2020-10-16,116.23,115.9099
199-H1-7,2014-02-14,115.252,115.2316
199-H1-7,2014-03-16,115.25,115.361
199-H1-7,2014-05-16,116.214,116.2976
199-H1-7,2014-08-16,116.168,116.118
199-H1-7,2014-10-16,115.344,115.1862
199-H1-7,2014-11-15,115.4035,115.1684
199-H1-7,2014-12-16,115.5332,115.3578
199-H1-7,2015-01-16,115.7596,115.6547
199-H1-7,2015-02-14,116.0119,115.9133
199-H1-7,2015-03-16,115.9614,115.9565
199-H1-7,2015-04-15,115.7997,115.7399
199-H1-7,2015-05-16,115.6259,115.6077
199-H1-7,2015-06-15,115.5953,115.583
199-H1-7,2015-07-16,115.4182,115.4019
199-H1-7,2015-08-16,115.3472,115.2538
199-H1-7,2015-09-15,115.2412,115.1437
199-H1-7,2016-03-16,115.2206,115.2787
199-H1-7,2016-04-15,115.7782,115.6625
199-H1-7,2016-05-16,115.8114,115.884
199-H1-7,2016-06-15,115.5361,115.7552
199-H1-7,2016-07-16,115.3938,115.5443
199-H1-7,2016-08-16,115.244,115.2797
199-H1-7,2016-12-16,115.2804,115.2494
199-H1-7,2017-01-16,115.4571,115.4711
199-H1-7,2017-02-14,115.3397,115.513
199-H1-7,2017-03-16,115.6389,115.6924
199-H1-7,2017-04-15,116.5886,116.2423
199-H1-7,2017-05-16,116.9691,116.8165
199-H1-7,2017-06-15,117.0592,116.988
199-H1-7,2017-07-16,116.0009,116.3557
199-H1-7,2017-08-16,115.5316,115.5228
199-H1-7,2017-09-15,115.3638,115.17
199-H1-7,2017-10-16,115.2075,114.9866
199-H1-7,2018-03-16,115.4714,115.6527
199-H1-7,2018-04-15,115.5189,115.6364
199-H1-7,2018-05-16,117.2238,116.6489
199-H1-7,2018-06-15,116.7342,117.0007
199-H1-7,2018-07-16,115.9183,116.1428
199-H1-7,2018-08-16,115.5902,115.5198
199-H1-7,2018-09-15,115.3377,115.1828
199-H1-7,2018-10-16,115.067,114.9522
199-H1-7,2018-11-15,115.2067,114.9011
199-H1-7,2018-12-16,115.2851,114.9737
199-H1-7,2019-02-14,115.048,115.0416
199-H1-7,2019-03-16,114.9225,115.0151
199-H1-7,2019-05-16,115.5864,115.3256
199-H1-7,2019-06-15,115.4716,115.572
199-H1-7,2019-07-16,115.126,115.307
199-H1-7,2019-10-16,115.0364,114.7125
199-H1-7,2019-11-15,115.036,114.7394
199-H1-7,2020-02-14,114.93,115.2341
199-H1-7,2020-05-16,116.0053,115.6437
199-H1-7,2020-06-15,116.5909,116.4336
199-H1-7,2020-07-16,116.2371,116.3949
199-H1-7,2020-08-16,115.5998,115.8419
199-H1-7,2020-09-15,115.3114,115.3292
199-H1-7,2020-11-15,115.2094,114.9672
199-H1-7,2020-12-16,115.07,115.0858
199-H3-11,2016-03-16,115.076,115.1895
199-H3-11,2016-05-16,115.396,115.5334
199-H3-11,2016-11-15,115.094,115.122
199-H3-11,2017-11-15,115.214,115.1389
199-H3-11,2018-03-16,115.368,115.3128
199-H3-11,2018-10-16,115.33,115.3486
199-H3-11,2019-11-15,114.749,114.9094
199-H3-11,2020-12-16,115.01,115.1355
199-H3-6,2014-02-14,114.889,115.041
199-H3-6,2014-03-16,115.016,115.1488
199-H3-6,2014-05-16,116.045,116.1093
199-H3-6,2014-08-16,115.835,115.9915
199-H3-6,2014-10-16,115.02,114.9647
199-H3-6,2015-02-14,115.896,115.7928
199-H3-6,2015-03-16,115.914,115.8782
199-H3-6,2015-04-15,115.542,115.6995
199-H3-6,2015-08-16,115.336,115.2856
199-H3-6,2015-11-15,114.708,114.7652
199-H3-6,2016-02-15,114.897,115.051
199-H3-6,2016-03-16,115.147,115.2037
199-H3-6,2016-05-16,115.855,115.8359
199-H3-6,2016-11-15,115.147,114.9124
199-H3-6,2017-02-14,115.382,115.4698
199-H3-6,2017-03-16,115.457,115.6439
199-H3-6,2017-05-16,116.813,116.8006
199-H3-6,2017-11-15,114.57,114.657
199-H3-6,2018-02-14,115.389,115.5228
199-H3-6,2018-03-16,115.611,115.5732
199-H3-6,2018-05-16,115.97,116.6321
199-H3-6,2018-10-16,114.741,114.7604
199-H3-6,2019-02-14,114.939,114.9205
199-H3-6,2019-05-16,114.953,115.0655
199-H3-6,2019-11-15,114.454,114.5231
199-H3-6,2020-03-16,114.99,115.0245
199-H3-7,2014-02-14,115.676,115.8092
199-H3-7,2014-03-16,115.62,115.8094
199-H3-7,2014-05-16,116.04,116.3432
199-H3-7,2014-08-16,116.564,116.5946
199-H3-7,2014-10-16,115.74,116.0292
199-H3-7,2015-02-14,115.95,116.0707
199-H3-7,2015-03-16,116.178,116.158
199-H3-7,2015-04-15,116.066,116.1126
199-H3-7,2015-08-16,115.6,115.7412
199-H3-7,2015-11-15,115.176,115.3366
199-H3-7,2016-02-15,115.128,115.3185
199-H3-7,2016-03-16,115.174,115.3887
199-H3-7,2016-05-16,115.625,115.7959
199-H3-7,2016-11-15,115.265,115.3976
199-H3-7,2017-03-16,115.539,115.6637
199-H3-7,2017-11-15,115.316,115.3919
199-H3-7,2018-03-16,115.493,115.5465
199-H3-7,2018-12-16,115.355,115.3798
199-H3-7,2019-03-16,115.125,115.1794
199-H3-7,2019-11-15,114.804,115.0452
199-H3-7,2020-03-16,114.96,115.2283
199-H3-7,2020-11-15,115.1,115.3571
199-H4-10,2014-03-16,115.284,115.0629
199-H4-10,2014-05-16,117.038,116.309
199-H4-10,2014-06-15,116.55,116.6177
199-H4-10,2014-10-16,114.643,114.4424
199-H4-10,2014-12-16,115.207,115.1095
199-H4-10,2015-02-14,116.0344,115.9257
199-H4-10,2015-03-16,115.7715,115.9523
199-H4-10,2015-04-15,115.4122,115.6501
199-H4-10,2015-05-16,115.3684,115.4946
199-H4-10,2015-06-15,115.356,115.4744
199-H4-10,2015-07-16,115.2768,115.283
199-H4-10,2015-08-16,115.3948,115.1793
199-H4-10,2015-09-15,114.7965,114.836
199-H4-10,2015-10-16,114.6649,114.4285
199-H4-10,2015-11-15,115.0244,114.6139
199-H4-10,2015-12-16,115.151,114.8675
199-H4-10,2016-02-15,115.2275,115.0952
199-H4-10,2016-03-16,115.3528,115.2925
199-H4-10,2016-04-15,116.0955,115.7819
199-H4-10,2016-05-16,115.9187,116.015
199-H4-10,2016-06-15,115.7088,115.8172
199-H4-10,2016-07-16,115.4169,115.5537
199-H4-10,2016-08-16,115.1988,115.2036
199-H4-10,2016-09-15,114.6772,114.6946
199-H4-10,2016-10-16,114.7619,114.4646
199-H4-10,2016-11-15,115.3502,114.8356
199-H4-10,2016-12-16,115.4176,115.2901
199-H4-10,2017-01-16,115.6203,115.5516
199-H4-10,2017-02-14,115.439,115.572
199-H4-10,2017-03-16,116.0374,115.7971
199-H4-10,2017-04-15,116.9937,116.4773
199-H4-10,2017-05-16,117.4789,117.1196
199-H4-10,2017-06-15,117.167,117.2533
199-H4-10,2017-07-16,115.7073,116.4013
199-H4-10,2017-08-16,115.1658,115.3234
199-H4-10,2017-09-15,114.9211,114.7959
199-H4-10,2017-10-16,114.5419,114.4132
199-H4-10,2017-11-15,114.774,114.3758
199-H4-10,2017-12-16,115.0187,114.7885
199-H4-10,2018-03-16,115.3797,115.7361
199-H4-10,2018-04-15,115.8426,115.7028
199-H4-10,2018-05-16,118.049,116.9449
199-H4-10,2018-06-15,116.6156,117.238
199-H4-10,2018-07-16,115.6328,116.1031
199-H4-10,2018-08-16,115.2986,115.3601
199-H4-10,2018-09-15,114.7181,114.7173
199-H4-10,2018-10-16,114.5405,114.3135
199-H4-10,2018-11-15,115.1756,114.5766
199-H4-10,2018-12-16,114.9776,114.8468
199-H4-10,2019-01-16,115.0226,114.8986
199-H4-10,2019-02-14,115.013,114.9597
199-H4-10,2019-03-16,114.7888,114.7767
199-H4-10,2019-04-15,114.5735,114.6357
199-H4-10,2019-05-16,115.7518,115.2611
199-H4-10,2019-06-15,115.4881,115.6483
199-H4-10,2019-07-16,115.0322,115.2203
199-H4-10,2019-08-16,115.1441,114.9606
199-H4-10,2019-09-15,114.5427,114.5347
199-H4-10,2019-10-16,114.2284,114.128
199-H4-10,2019-11-15,114.9668,114.4997
199-H4-10,2019-12-16,114.913,114.8579
199-H4-10,2020-01-16,115.0384,114.9852
199-H4-10,2020-02-14,115.4219,115.2888
199-H4-10,2020-03-16,114.8764,115.1065
199-H4-10,2020-04-15,114.6325,114.7748
199-H4-10,2020-05-16,116.4505,115.6595
199-H4-10,2020-06-15,117.0023,116.7019
199-H4-10,2020-07-16,116.1646,116.5339
199-H4-10,2020-08-16,115.4614,115.8062
199-H4-10,2020-09-15,114.7611,114.99
199-H4-10,2020-10-16,114.6174,114.457
199-H4-10,2020-11-15,115.3207,114.7415
199-H4-10,2020-12-16,115.11,115.0909
199-H4-11,2014-01-31,114.6894,114.9565
199-H4-11,2014-02-14,114.2949,114.7548
199-H4-11,2014-03-16,115.0943,114.9663
199-H4-11,2014-04-15,115.4899,115.5652
199-H4-11,2014-05-16,116.3466,116.1526
199-H4-11,2014-06-15,116.2541,116.4765
199-H4-11,2014-07-16,115.8933,116.2852
199-H4-11,2014-08-16,115.1578,115.772
199-H4-11,2014-09-15,114.3425,114.9714
199-H4-11,2014-10-16,114.6195,114.4596
199-H4-11,2014-11-15,114.8308,114.5917
199-H4-11,2014-12-16,114.9074,114.9988
199-H4-11,2015-01-16,115.4809,115.4358
199-H4-11,2015-02-14,115.9029,115.7888
199-H4-11,2015-03-16,115.6598,115.8321
199-H4-11,2015-04-15,115.256,115.5556
199-H4-11,2015-05-16,115.2117,115.4063
199-H4-11,2015-06-15,115.1592,115.3803
199-H4-11,2015-07-16,115.0018,115.2032
199-H4-11,2015-08-16,115.01,115.0968
199-H4-11,2015-09-15,114.4821,114.7662
199-H4-11,2015-10-16,114.3817,114.3658
199-H4-11,2015-11-15,114.7576,114.5015
199-H4-11,2015-12-16,114.7675,114.7208
199-H4-11,2016-01-16,114.7956,114.8125
199-H4-11,2016-02-15,115.0049,114.9284
199-H4-11,2016-03-16,115.246,115.121
199-H4-11,2016-04-15,115.9203,115.5962
199-H4-11,2016-05-16,115.917,115.8417
199-H4-11,2016-06-15,115.6183,115.6742
199-H4-11,2016-07-16,115.2787,115.4321
199-H4-11,2016-08-16,114.9915,115.1
199-H4-11,2016-09-15,114.3621,114.6234
199-H4-11,2016-10-16,114.72,114.3707
199-H4-11,2016-11-15,115.1567,114.6674
199-H4-11,2016-12-16,115.316,115.0867
199-H4-11,2017-01-16,115.6385,115.3466
199-H4-11,2017-02-14,115.3322,115.3774
199-H4-11,2017-03-16,115.9124,115.5967
199-H4-11,2017-04-15,116.8618,116.2598
199-H4-11,2017-05-16,117.6725,116.9024
199-H4-11,2017-06-15,116.6161,117.0514
199-H4-11,2017-07-16,115.3148,116.25
199-H4-11,2017-08-16,114.6924,115.2275
199-H4-11,2017-09-15,114.4509,114.7052
199-H4-11,2017-10-16,114.294,114.3048
199-H4-11,2017-11-15,114.3934,114.2333
199-H4-11,2017-12-16,114.6719,114.6057
199-H4-11,2018-01-16,115.3459,115.0907
199-H4-11,2018-02-14,115.8719,115.5579
199-H4-11,2018-03-16,115.3177,115.5337
199-H4-11,2018-04-15,115.7254,115.5058
199-H4-11,2018-05-16,117.8971,116.715
199-H4-11,2018-06-15,116.5154,117.0449
199-H4-11,2018-07-16,115.5094,115.9762
199-H4-11,2018-08-16,115.0922,115.2527
199-H4-11,2018-09-15,114.5431,114.6371
199-H4-11,2018-10-16,114.463,114.2231
199-H4-11,2018-11-15,114.9315,114.4266
199-H4-11,2018-12-16,114.7287,114.6712
199-H4-11,2019-01-16,114.7846,114.7173
199-H4-11,2019-02-14,114.7777,114.765
199-H4-11,2019-03-16,114.4477,114.5911
199-H4-11,2019-04-15,114.298,114.4514
199-H4-11,2019-05-16,115.613,115.0454
199-H4-11,2019-06-15,115.2772,115.4328
199-H4-11,2019-07-16,114.7695,115.0373
199-H4-11,2019-08-16,114.8403,114.7787
199-H4-11,2019-09-15,114.0492,114.3577
199-H4-11,2019-10-16,113.8412,113.9498
199-H4-11,2019-11-15,114.7217,114.2862
199-H4-11,2019-12-16,114.719,114.6311
199-H4-11,2020-01-16,114.8243,114.7624
199-H4-11,2020-02-14,115.2227,115.0607
199-H4-11,2020-03-16,114.5045,114.9147
199-H4-11,2020-04-15,114.4065,114.6101
199-H4-11,2020-05-16,116.2956,115.4435
199-H4-11,2020-06-15,116.8218,116.4646
199-H4-11,2020-07-16,116.0242,116.3556
199-H4-11,2020-08-16,115.2723,115.6674
199-H4-11,2020-09-15,114.3961,114.89
199-H4-11,2020-10-16,114.2925,114.3704
199-H4-11,2020-11-15,115.05,114.5868
199-H4-11,2020-12-16,114.8776,114.8934
199-H4-13,2014-03-16,115.2665,115.0098
199-H4-13,2014-05-16,116.896,116.1462
199-H4-13,2014-06-15,116.445,116.4706
199-H4-13,2014-09-15,114.355,115.0545
199-H4-13,2014-10-16,114.366,114.5638
199-H4-13,2014-11-15,115.0286,114.6599
199-H4-13,2014-12-16,115.1521,115.0238
199-H4-13,2015-01-16,115.5958,115.4393
199-H4-13,2015-02-14,116.0869,115.7882
199-H4-13,2015-03-16,115.8375,115.8392
199-H4-13,2015-04-15,115.4302,115.5777
199-H4-13,2015-05-16,115.4127,115.4291
199-H4-13,2015-06-15,115.3382,115.3982
199-H4-13,2015-07-16,115.2276,115.2302
199-H4-13,2015-08-16,115.3608,115.1259
199-H4-13,2015-09-15,114.654,114.8218
199-H4-13,2015-10-16,114.5503,114.4458
199-H4-13,2015-11-15,114.9578,114.5478
199-H4-13,2015-12-16,114.8996,114.7414
199-H4-13,2016-01-16,115.0259,114.8279
199-H4-13,2016-02-15,115.0306,114.938
199-H4-13,2016-03-16,115.2131,115.1259
199-H4-13,2016-04-15,115.9478,115.5892
199-H4-13,2016-05-16,115.7737,115.8365
199-H4-13,2016-06-15,115.5792,115.6817
199-H4-13,2016-07-16,115.2543,115.4518
199-H4-13,2016-08-16,115.0772,115.1387
199-H4-13,2016-09-15,114.3336,114.6993
199-H4-13,2016-10-16,114.4922,114.4541
199-H4-13,2016-11-15,115.0778,114.7057
199-H4-13,2016-12-16,115.2561,115.0915
199-H4-13,2017-01-16,115.4564,115.3443
199-H4-13,2017-02-14,115.2767,115.3784
199-H4-13,2017-03-16,115.8659,115.5879
199-H4-13,2017-04-15,116.8066,116.2387
199-H4-13,2017-05-16,117.2878,116.8861
199-H4-13,2017-06-15,117.0167,117.0431
199-H4-13,2017-07-16,115.5785,116.275
199-H4-13,2017-08-16,114.9504,115.2846
199-H4-13,2017-09-15,114.5818,114.7783
199-H4-13,2017-10-16,114.1686,114.4014
199-H4-13,2017-11-15,114.4841,114.318
199-H4-13,2017-12-16,114.8997,114.6363
199-H4-13,2018-01-16,115.3273,115.0852
199-H4-13,2018-02-14,115.8434,115.5414
199-H4-13,2018-03-16,115.2975,115.5304
199-H4-13,2018-04-15,115.7072,115.5066
199-H4-13,2018-05-16,117.8219,116.7037
199-H4-13,2018-06-15,116.5127,117.0489
199-H4-13,2018-07-16,115.5242,116.0099
199-H4-13,2018-08-16,115.0912,115.3095
199-H4-13,2018-09-15,114.3667,114.7288
199-H4-13,2018-10-16,114.2197,114.3346
199-H4-13,2018-11-15,114.8977,114.4894
199-H4-13,2018-12-16,114.6813,114.6977
199-H4-13,2019-01-16,114.7822,114.738
199-H4-13,2019-02-14,114.7663,114.7762
199-H4-13,2019-03-16,114.4074,114.6175
199-H4-13,2019-04-15,114.3422,114.4842
199-H4-13,2019-05-16,115.6115,115.0382
199-H4-13,2019-06-15,115.282,115.4106
199-H4-13,2019-07-16,114.7975,115.0471
199-H4-13,2019-08-16,114.857,114.805
199-H4-13,2019-09-15,114.0651,114.4255
199-H4-13,2019-10-16,113.8986,114.0471
199-H4-13,2019-11-15,114.74,114.3275
199-H4-13,2019-12-16,114.625,114.6355
199-H4-13,2020-01-16,114.8416,114.7648
199-H4-13,2020-02-14,115.2092,115.0497
199-H4-13,2020-03-16,114.5185,114.9242
199-H4-13,2020-04-15,114.4569,114.637
199-H4-13,2020-05-16,116.2213,115.437
199-H4-13,2020-06-15,116.7345,116.44
199-H4-13,2020-07-16,115.9774,116.35
199-H4-13,2020-08-16,115.2724,115.6863
199-H4-13,2020-09-15,114.443,114.9578
199-H4-13,2020-10-16,114.349,114.4653
199-H4-13,2020-11-15,115.0401,114.6341
199-H4-13,2020-12-16,114.8902,114.9026
199-H4-16,2014-02-14,115.485,115.5441
199-H4-16,2014-03-16,115.465,115.5673
199-H4-16,2014-05-16,116.329,116.2943
199-H4-16,2014-08-16,116.505,116.5436
199-H4-16,2014-10-16,115.6165,115.7331
199-H4-16,2015-02-14,116.011,116.0679
199-H4-16,2015-03-16,116.22,116.1529
199-H4-16,2015-05-16,115.881,115.9508
199-H4-16,2015-08-16,115.559,115.678
199-H4-16,2015-11-15,114.908,114.9897
199-H4-16,2016-03-16,115.039,115.1292
199-H4-16,2016-05-16,115.569,115.5927
199-H4-16,2016-10-16,114.799,114.9988
199-H4-16,2016-11-15,114.954,114.9293
199-H4-16,2017-03-16,115.261,115.3667
199-H4-16,2017-05-16,116.263,116.0974
199-H4-16,2017-10-16,115.135,115.073
199-H4-16,2017-11-15,114.861,114.8577
199-H4-16,2018-03-16,115.384,115.2879
199-H4-16,2018-10-16,114.971,115.0214
199-H4-16,2019-03-16,114.862,114.8182
199-H4-16,2019-11-15,114.494,114.638
199-H4-16,2020-03-16,114.8,114.9744
199-H4-45,2014-03-16,115.3145,115.383
199-H4-45,2014-05-16,116.523,116.1878
199-H4-45,2014-06-15,116.528,116.5266
199-H4-45,2014-09-15,115.892,115.8008
199-H4-45,2014-10-16,115.416,115.3871
199-H4-45,2014-12-16,115.551,115.4111
199-H4-45,2015-02-14,116.072,115.9175
199-H4-45,2015-03-16,116.059,116.0182
199-H4-45,2015-05-16,115.751,115.7774
199-H4-45,2015-12-16,115.001,115.0189
199-H4-45,2016-03-16,115.2065,115.253
199-H4-45,2016-05-16,115.794,115.8136
199-H4-45,2016-06-15,115.398,115.8131
199-H4-45,2016-10-16,114.922,115.0243
199-H4-45,2016-12-16,115.183,115.2087
199-H4-45,2017-03-16,115.46,115.6086
199-H4-45,2017-05-16,116.554,116.5502
199-H4-45,2017-10-16,115.112,115.0377
199-H4-45,2017-12-16,115.063,114.9299
199-H4-45,2018-03-16,115.563,115.5261
199-H4-45,2018-12-16,115.209,114.9985
199-H4-45,2019-03-16,114.96,114.8903
199-H4-45,2019-12-16,114.776,114.7803
199-H4-45,2020-03-16,114.96,115.0566
199-H4-45,2020-12-16,115.04,115.0455
199-H4-46,2014-02-14,115.613,115.7248
199-H4-46,2014-03-16,115.569,115.7235
199-H4-46,2014-05-16,116.286,116.297
199-H4-46,2014-08-16,116.521,116.5891
199-H4-46,2014-10-16,115.7755,115.9691
199-H4-46,2015-02-14,115.946,116.0416
199-H4-46,2015-03-16,116.174,116.1216
199-H4-46,2015-05-16,115.9445,115.9781
199-H4-46,2015-08-16,115.506,115.7037
199-H4-46,2015-11-15,115.058,115.1918
199-H4-46,2016-02-15,115.01,115.1679
199-H4-46,2016-03-16,115.082,115.248
199-H4-46,2016-05-16,115.5265,115.6618
199-H4-46,2016-10-16,115.042,115.2697
199-H4-46,2016-11-15,115.122,115.1631
199-H4-46,2017-03-16,115.378,115.4614
199-H4-46,2017-05-16,116.092,116.03
199-H4-46,2017-10-16,115.422,115.3861
199-H4-46,2017-11-15,115.157,115.1565
199-H4-46,2018-03-16,115.3715,115.3773
199-H4-46,2018-10-16,115.262,115.3606
199-H4-46,2019-03-16,115.039,115.0204
199-H4-46,2019-11-15,114.684,114.8838
199-H4-46,2020-03-16,114.92,115.1214
199-H4-47,2014-03-16,115.505,115.6156
199-H4-47,2014-05-16,116.459,116.2275
199-H4-47,2014-10-16,115.795,115.8521
199-H4-47,2015-03-16,116.171,116.0671
199-H4-47,2015-05-16,115.878,115.909
199-H4-47,2016-02-15,114.872,115.0665
199-H4-47,2016-03-16,114.968,115.1555
199-H4-47,2016-05-16,115.419,115.571
199-H4-47,2016-10-16,114.892,115.111
199-H4-47,2016-11-15,114.977,115.0266
199-H4-47,2017-03-16,115.2573,115.3802
199-H4-47,2017-04-15,115.7393,115.6417
199-H4-47,2017-05-16,116.0925,116.0131
199-H4-47,2017-06-15,116.5367,116.2654
199-H4-47,2017-07-16,116.1319,116.1105
199-H4-47,2017-08-16,115.7788,115.771
199-H4-47,2017-09-15,115.573,115.5242
199-H4-47,2017-10-16,115.2081,115.2315
199-H4-47,2017-11-15,115.0369,115.0011
199-H4-47,2017-12-16,115.0203,114.9431
199-H4-47,2018-01-16,115.0796,115.032
199-H4-47,2018-02-14,115.2254,115.2082
199-H4-47,2018-03-16,115.3133,115.304
199-H4-47,2018-04-15,115.2434,115.3517
199-H4-47,2018-05-16,115.8628,115.8925
199-H4-47,2018-06-15,116.5413,116.3233
199-H4-47,2018-07-16,116.0455,116.1113
199-H4-47,2018-08-16,115.7683,115.7972
199-H4-47,2018-09-15,115.4582,115.4839
199-H4-47,2018-10-16,115.1903,115.1823
199-H4-47,2018-11-15,115.113,115.0464
199-H4-47,2018-12-16,115.0882,115.0042
199-H4-47,2019-01-16,115.029,114.9773
199-H4-47,2019-02-14,114.9777,114.9591
199-H4-47,2019-03-16,114.944,114.9117
199-H4-47,2019-04-15,114.8234,114.8603
199-H4-47,2019-05-16,114.9485,114.9917
199-H4-47,2019-06-15,115.1143,115.1609
199-H4-47,2019-07-16,115.03,115.155
199-H4-47,2019-08-16,114.9333,115.0763
199-H4-47,2019-09-15,114.8101,114.9519
199-H4-47,2019-10-16,114.6759,114.8062
199-H4-47,2019-11-15,114.5961,114.7627
199-H4-47,2019-12-16,114.6232,114.7915
199-H4-47,2020-03-16,114.8246,115.0428
199-H4-47,2020-04-15,114.7644,115.0067
199-H4-47,2020-06-15,115.4666,115.6312
199-H4-47,2020-07-16,115.7538,115.8446
199-H4-47,2020-08-16,115.5447,115.7368
199-H4-47,2020-09-15,115.2873,115.4642
199-H4-47,2020-10-16,114.96,115.1763
199-H4-5,2014-01-31,114.9793,114.9936
199-H4-5,2014-02-14,114.719,114.8122
199-H4-5,2014-03-16,115.3424,114.9871
199-H4-5,2014-04-15,115.72,115.5423
199-H4-5,2014-05-16,116.5299,116.1271
199-H4-5,2014-06-15,116.4978,116.4617
199-H4-5,2014-07-16,116.1877,116.3059
199-H4-5,2014-08-16,115.5352,115.8297
199-H4-5,2014-09-15,114.8617,115.0794
199-H4-5,2014-10-16,114.6705,114.5668
199-H4-5,2014-11-15,115.0623,114.6463
199-H4-5,2014-12-16,115.2912,115.0194
199-H4-5,2015-01-16,115.5764,115.4325
199-H4-5,2015-02-14,115.917,115.7665
199-H4-5,2015-03-16,115.7265,115.8231
199-H4-5,2015-04-15,115.4253,115.5778
199-H4-5,2015-05-16,115.2889,115.433
199-H4-5,2015-06-15,115.3155,115.4047
199-H4-5,2015-07-16,115.2012,115.2291
199-H4-5,2015-08-16,115.2848,115.0973
199-H4-5,2015-09-15,114.7269,114.785
199-H4-5,2015-10-16,114.5622,114.4112
199-H4-5,2015-11-15,114.8585,114.5168
199-H4-5,2015-12-16,114.8728,114.732
199-H4-5,2016-01-16,114.9214,114.845
199-H4-5,2016-02-15,114.9952,114.9649
199-H4-5,2016-03-16,115.0901,115.1455
199-H4-5,2016-04-15,115.7038,115.5832
199-H4-5,2016-05-16,115.6934,115.8258
199-H4-5,2016-06-15,115.4392,115.6802
199-H4-5,2016-07-16,115.19,115.4478
199-H4-5,2016-08-16,115.0773,115.1334
199-H4-5,2016-09-15,114.6317,114.6876
199-H4-5,2016-10-16,114.5731,114.4481
199-H4-5,2016-12-16,115.13,115.1051
199-H4-5,2017-01-16,115.3305,115.3641
199-H4-5,2017-02-14,115.3524,115.4121
199-H4-5,2017-03-16,115.8759,115.6217
199-H4-5,2017-04-15,116.9583,116.2265
199-H4-5,2017-05-16,117.3099,116.8404
199-H4-5,2017-06-15,116.9635,117.0144
199-H4-5,2017-07-16,115.6885,116.2984
199-H4-5,2017-08-16,115.0967,115.3367
199-H4-5,2017-09-15,114.8285,114.8196
199-H4-5,2017-10-16,114.4043,114.4178
199-H4-5,2017-11-15,114.5712,114.3236
199-H4-5,2017-12-16,114.8449,114.6565
199-H4-5,2018-01-16,115.2787,115.1117
199-H4-5,2018-02-14,115.7861,115.5532
199-H4-5,2018-03-16,115.4183,115.5626
199-H4-5,2018-04-15,115.6007,115.5435
199-H4-5,2018-05-16,117.7822,116.6453
199-H4-5,2018-06-15,116.5436,117.0024
199-H4-5,2018-07-16,115.6273,116.0453
199-H4-5,2018-08-16,115.2077,115.3462
199-H4-5,2018-09-15,114.5825,114.7416
199-H4-5,2018-10-16,114.3689,114.321
199-H4-5,2018-11-15,114.9044,114.4857
199-H4-5,2018-12-16,114.7389,114.7195
199-H4-5,2019-01-16,114.8203,114.7809
199-H4-5,2019-02-14,114.8189,114.8388
199-H4-5,2019-03-16,114.6383,114.6958
199-H4-5,2019-04-15,114.4819,114.5718
199-H4-5,2019-05-16,115.5222,115.094
199-H4-5,2019-06-15,115.4072,115.4585
199-H4-5,2019-07-16,114.8434,115.1143
199-H4-5,2019-08-16,114.9146,114.849
199-H4-5,2019-09-15,114.3062,114.4403
199-H4-5,2019-10-16,113.9548,114.0437
199-H4-5,2019-11-15,114.6411,114.3305
199-H4-5,2019-12-16,114.6629,114.6625
199-H4-5,2020-02-14,115.1666,115.0822
199-H4-5,2020-03-16,114.704,114.9722
199-H4-5,2020-04-15,114.3372,114.6917
199-H4-5,2020-05-16,116.0789,115.4382
199-H4-5,2020-06-15,116.759,116.4037
199-H4-5,2020-07-16,116.0699,116.3472
199-H4-5,2020-08-16,115.3337,115.7148
199-H4-5,2020-09-15,114.5672,114.9636
199-H4-5,2020-10-16,114.3403,114.4353
199-H4-6,2014-01-31,115.731,115.8607
199-H4-6,2014-03-16,115.572,115.8158
199-H4-6,2014-04-15,115.835,115.9998
199-H4-6,2014-05-16,116.526,116.3571
199-H4-6,2014-07-16,115.556,116.7905
199-H4-6,2014-10-16,115.8245,116.031
199-H4-6,2015-01-16,115.961,115.9136
199-H4-6,2015-03-16,116.223,115.9759
199-H4-6,2015-04-15,116.175,115.8981
199-H4-6,2015-05-16,115.842,115.8224
199-H4-6,2015-06-15,115.733,115.803
199-H4-6,2015-10-16,114.85,114.8976
199-H4-6,2016-01-16,114.789,114.9526
199-H4-6,2016-03-16,114.828,115.0509
199-H4-6,2016-04-15,115.101,115.2637
199-H4-6,2016-05-16,115.244,115.4188
199-H4-6,2016-10-16,114.807,114.9493
199-H4-6,2017-03-16,115.142,115.3362
199-H4-6,2017-05-16,115.979,115.9593
199-H4-6,2017-10-16,115.236,115.0507
199-H4-6,2018-03-16,115.307,115.3082
199-H4-6,2019-03-16,114.957,114.9688
199-H4-6,2020-03-16,114.79,115.1073
199-H4-65,2014-02-14,115.016,115.1233
199-H4-65,2014-05-16,116.398,116.1605
199-H4-65,2014-08-16,115.991,116.1043
199-H4-65,2014-10-16,115.145,115.1396
199-H4-65,2015-02-14,116.069,115.8524
199-H4-65,2015-05-16,115.7175,115.6274
199-H4-65,2015-08-16,115.327,115.3528
199-H4-65,2015-12-16,114.914,114.831
199-H4-65,2016-02-15,114.753,114.9365
199-H4-65,2016-05-16,115.742,115.7295
199-H4-65,2016-10-16,114.634,114.6873
199-H4-65,2016-11-15,114.972,114.7463
199-H4-65,2017-05-16,116.902,116.6094
199-H4-65,2017-10-16,114.798,114.7188
199-H4-65,2017-11-15,114.493,114.5175
199-H4-65,2018-11-15,114.662,114.6175
199-H4-65,2019-05-16,114.962,114.9751
199-H4-65,2019-11-15,114.418,114.3907
199-H4-65,2020-08-16,115.28,115.6746
199-H4-8,2014-01-31,115.1506,115.2847
199-H4-8,2014-02-14,115.0157,115.1894
199-H4-8,2014-03-16,115.2148,115.2711
199-H4-8,2014-04-15,115.6303,115.619
199-H4-8,2014-05-16,116.3078,116.1095
199-H4-8,2014-06-15,116.5404,116.4585
199-H4-8,2014-07-16,116.3575,116.4415
199-H4-8,2014-08-16,115.8709,116.1448
199-H4-8,2014-09-15,115.3692,115.6475
199-H4-8,2014-10-16,115.0519,115.2434
199-H4-8,2014-11-15,115.2406,115.1641
199-H4-8,2014-12-16,115.3173,115.317
199-H4-8,2015-01-16,115.6106,115.5629
199-H4-8,2015-02-14,115.9675,115.797
199-H4-8,2015-03-16,115.9314,115.8699
199-H4-8,2015-04-15,115.7563,115.7201
199-H4-8,2015-05-16,115.5292,115.5998
199-H4-8,2015-06-15,115.5362,115.5613
199-H4-8,2015-07-16,115.3786,115.4168
199-H4-8,2015-08-16,115.2989,115.2379
199-H4-8,2015-09-15,114.9004,114.9748
199-H4-8,2015-10-16,114.6738,114.69
199-H4-8,2015-11-15,114.7768,114.6671
199-H4-8,2015-12-16,114.7978,114.7606
199-H4-8,2016-01-16,114.7766,114.8426
199-H4-8,2016-02-15,114.8787,114.9326
199-H4-8,2016-03-16,115.074,115.0704
199-H4-8,2016-04-15,115.4601,115.404
199-H4-8,2016-05-16,115.7779,115.6475
199-H4-8,2016-06-15,115.5203,115.6024
199-H4-8,2016-07-16,115.3695,115.4437
199-H4-8,2016-08-16,115.1297,115.2183
199-H4-8,2016-09-15,114.8049,114.9329
199-H4-8,2016-10-16,114.638,114.7298
199-H4-8,2016-11-15,114.9822,114.8012
199-H4-8,2016-12-16,115.1182,115.0398
199-H4-8,2017-01-16,115.3425,115.2521
199-H4-8,2017-02-14,115.2529,115.3345
199-H4-8,2017-03-16,115.6165,115.5177
199-H4-8,2017-04-15,116.5351,115.9697
199-H4-8,2017-05-16,116.437,116.4966
199-H4-8,2017-06-15,117.1121,116.7347
199-H4-8,2017-07-16,115.839,116.2829
199-H4-8,2017-08-16,115.4621,115.5932
199-H4-8,2017-09-15,115.1624,115.1929
199-H4-8,2017-10-16,114.7647,114.8452
199-H4-8,2017-11-15,114.6781,114.6514
199-H4-8,2017-12-16,114.7773,114.7382
199-H4-8,2018-01-16,115.0905,115.0061
199-H4-8,2018-02-14,115.5295,115.3583
199-H4-8,2018-03-16,115.46,115.4574
199-H4-8,2018-04-15,115.387,115.4718
199-H4-8,2018-05-16,117.1128,116.31
199-H4-8,2018-06-15,116.7238,116.7222
199-H4-8,2018-07-16,115.8489,116.0954
199-H4-8,2018-08-16,115.4527,115.5523
199-H4-8,2018-09-15,114.9589,115.0969
199-H4-8,2018-10-16,114.6689,114.7325
199-H4-8,2018-11-15,114.8152,114.6911
199-H4-8,2018-12-16,114.809,114.7496
199-H4-8,2019-01-16,114.784,114.7931
199-H4-8,2019-02-14,114.7631,114.8498
199-H4-8,2019-03-16,114.7213,114.801
199-H4-8,2019-04-15,114.4883,114.7319
199-H4-8,2019-05-16,115.1151,115.0465
199-H4-8,2019-06-15,115.3396,115.3297
199-H4-8,2019-07-16,114.8465,115.1615
199-H4-8,2019-08-16,114.7044,114.9554
199-H4-8,2019-09-15,114.5091,114.7075
199-H4-8,2020-03-16,114.7593,114.9967
199-H4-8,2020-05-16,115.5272,115.3088
199-H4-8,2020-06-15,116.2557,116.0263
199-H4-8,2020-07-16,116.0264,116.1139
199-H4-8,2020-08-16,115.43,115.7278
199-H4-8,2020-09-15,114.7918,115.2096
199-H4-8,2020-10-16,114.27,114.7706
199-H4-83,2015-01-16,115.6022,115.4974
199-H4-83,2015-08-16,115.2949,115.2598
199-H4-83,2015-09-15,114.7199,114.9683
199-H4-83,2015-10-16,114.5607,114.6148
199-H4-83,2015-11-15,114.8129,114.6294
199-H4-83,2015-12-16,114.8205,114.7509
199-H4-83,2016-01-16,114.8055,114.8051
199-H4-83,2016-02-15,114.9546,114.8919
199-H4-83,2016-03-16,115.181,115.0542
199-H4-83,2016-04-15,115.8136,115.4446
199-H4-83,2016-05-16,115.7831,115.6982
199-H4-83,2016-06-15,115.5812,115.6237
199-H4-83,2016-07-16,115.3268,115.4547
199-H4-83,2016-08-16,115.084,115.2005
199-H4-83,2016-09-15,114.605,114.8364
199-H4-83,2016-10-16,114.5565,114.5769
199-H4-83,2016-11-15,115.0554,114.6935
199-H4-83,2016-12-16,115.2108,114.9764
199-H4-83,2017-01-16,115.4904,115.1982
199-H4-83,2017-02-14,115.2544,115.2579
199-H4-83,2017-03-16,115.7601,115.4431
199-H4-83,2017-04-15,116.581,115.9752
199-H4-83,2017-05-16,117.361,116.5538
199-H4-83,2017-06-15,116.9335,116.7576
199-H4-83,2017-07-16,115.6921,116.1937
199-H4-83,2017-08-16,115.1224,115.3992
199-H4-83,2017-09-15,114.8247,114.9386
199-H4-83,2017-10-16,114.4404,114.5651
199-H4-83,2017-11-15,114.5523,114.4179
199-H4-83,2017-12-16,114.8508,114.6038
199-H4-83,2018-01-16,115.215,114.9517
199-H4-83,2018-02-14,115.7108,115.3368
199-H4-83,2018-03-16,115.3167,115.3801
199-H4-83,2018-04-15,115.5598,115.3816
199-H4-83,2018-05-16,117.4969,116.3744
199-H4-83,2018-06-15,116.5446,116.786
199-H4-83,2018-07-16,115.6066,116.0098
199-H4-83,2018-08-16,115.2322,115.4043
199-H4-83,2018-09-15,114.6613,114.893
199-H4-83,2018-10-16,114.4301,114.504
199-H4-83,2018-11-15,114.8749,114.5463
199-H4-83,2018-12-16,114.7775,114.6789
199-H4-83,2019-01-16,114.7842,114.7086
199-H4-83,2019-02-14,114.7655,114.7313
199-H4-83,2019-03-16,114.5277,114.6094
199-H4-83,2019-04-15,114.3532,114.4952
199-H4-83,2019-05-16,115.3632,114.9156
199-H4-83,2019-06-15,115.1384,115.2445
199-H4-83,2019-07-16,114.7566,114.9938
199-H4-83,2019-08-16,114.8818,114.7822
199-H4-83,2019-09-15,114.3503,114.4905
199-H4-83,2019-10-16,114.1047,114.1643
199-H4-83,2019-11-15,114.6324,114.3127
199-H4-83,2019-12-16,114.619,114.5401
199-H4-83,2020-01-16,114.7349,114.6635
199-H4-83,2020-03-16,114.6644,114.8647
199-H4-83,2020-04-15,114.5028,114.6692
199-H4-83,2020-05-16,116.0618,115.2726
199-H4-83,2020-06-15,116.6355,116.1089
199-H4-83,2020-07-16,116.059,116.151
199-H4-83,2020-08-16,115.3918,115.6532
199-H4-83,2020-09-15,114.7024,115.0596
199-H4-83,2020-10-16,114.4737,114.6176
199-H4-83,2020-11-15,114.9238,114.6518
199-H4-83,2020-12-16,114.8768,114.8209
199-H4-84,2014-01-31,115.332,115.3114
199-H4-84,2014-02-14,115.207,115.2197
199-H4-84,2014-03-16,115.192,115.2871
199-H4-84,2014-04-15,115.629,115.6151
199-H4-84,2014-05-16,,116.0976
199-H4-84,2014-06-15,116.313,116.4483
199-H4-84,2014-07-16,116.386,116.4484
199-H4-84,2014-08-16,115.908,116.1752
199-H4-84,2014-09-15,115.585,115.7124
199-H4-84,2014-11-15,115.304,115.2265
199-H4-84,2015-01-16,115.7201,115.5732
199-H4-84,2015-02-14,115.9938,115.8037
199-H4-84,2015-03-16,115.9511,115.8828
199-H4-84,2015-04-15,115.7876,115.7469
199-H4-84,2015-05-16,115.5828,115.63
199-H4-84,2015-06-15,115.5732,115.5883
199-H4-84,2015-07-16,115.4326,115.4596
199-H4-84,2015-08-16,115.3353,115.2919
199-H4-84,2015-11-15,114.924,114.7053
199-H4-84,2015-12-16,114.8045,114.7706
199-H4-84,2016-01-16,114.8057,114.8424
199-H4-84,2016-02-15,114.8698,114.9305
199-H4-84,2016-03-16,115.0454,115.0654
199-H4-84,2016-04-15,115.4114,115.389
199-H4-84,2016-05-16,115.711,115.6306
199-H4-84,2016-06-15,115.5041,115.6005
199-H4-84,2016-07-16,115.3697,115.4593
199-H4-84,2016-08-16,115.1645,115.2476
199-H4-84,2016-09-15,114.829,114.9794
199-H4-84,2016-10-16,114.6297,114.7616
199-H4-84,2016-11-15,114.943,114.7903
199-H4-84,2016-12-16,115.0588,115.0
199-H4-84,2017-01-16,115.2851,115.2072
199-H4-84,2017-02-14,115.1954,115.2906
199-H4-84,2017-03-16,115.5336,115.468
199-H4-84,2017-04-15,116.3862,115.9154
199-H4-84,2017-05-16,116.7415,116.4344
199-H4-84,2017-06-15,116.9718,116.6677
199-H4-84,2017-07-16,116.0151,116.2406
199-H4-84,2017-08-16,115.4822,115.5907
199-H4-84,2017-09-15,115.2182,115.2116
199-H4-84,2017-10-16,114.762,114.8828
199-H4-84,2017-11-15,114.6786,114.6749
199-H4-84,2017-12-16,114.842,114.7212
199-H4-84,2018-01-16,115.0937,114.9761
199-H4-84,2018-02-14,115.4236,115.3148
199-H4-84,2018-03-16,115.3676,115.4041
199-H4-84,2018-04-15,115.3172,115.4183
199-H4-84,2018-05-16,116.7838,116.2355
199-H4-84,2018-06-15,116.6746,116.6546
199-H4-84,2018-07-16,115.8246,116.0662
199-H4-84,2018-08-16,115.4564,115.5482
199-H4-84,2018-09-15,114.9752,115.1201
199-H4-84,2018-10-16,114.6926,114.7683
199-H4-84,2018-11-15,114.8553,114.6833
199-H4-84,2018-12-16,114.824,114.7067
199-H4-84,2019-01-16,114.7852,114.7389
199-H4-84,2019-02-14,114.7762,114.7783
199-H4-84,2019-03-16,114.6738,114.7323
199-H4-84,2019-04-15,114.4325,114.6666
199-H4-84,2019-05-16,115.066,114.9719
199-H4-84,2019-06-15,115.2065,115.2593
199-H4-84,2019-07-16,114.8294,115.1025
199-H4-84,2019-08-16,114.6505,114.8819
199-H4-84,2019-09-15,114.3487,114.626
199-H4-84,2020-03-16,114.6341,114.8745
199-H4-84,2020-05-16,115.2962,115.181
199-H4-84,2020-06-15,116.0676,115.9138
199-H4-84,2020-07-16,115.9533,116.0377
199-H4-84,2020-08-16,115.3855,115.6758
199-H4-84,2020-09-15,114.7415,115.178
199-H4-84,2020-10-16,114.1987,114.7384
199-H4-85,2014-02-14,114.601,114.8696
199-H4-85,2014-05-16,116.302,116.1455
199-H4-85,2014-08-16,115.373,115.8909
199-H4-85,2014-10-16,114.806,114.6815
199-H4-85,2015-02-14,115.996,115.7969
199-H4-85,2015-05-16,115.347,115.4761
199-H4-85,2015-08-16,115.283,115.155
199-H4-85,2015-11-15,115.025,114.5557
199-H4-85,2016-02-15,114.856,114.9726
199-H4-85,2016-05-16,115.629,115.8249
199-H4-85,2016-10-16,114.369,114.4723
199-H4-85,2016-11-15,115.206,114.7108
199-H4-85,2017-02-14,115.347,115.402
199-H4-85,2017-05-16,117.437,116.8127
199-H4-85,2017-07-16,116.449,116.2991
199-H4-85,2017-10-16,114.529,114.4445
199-H4-85,2017-11-15,114.476,114.3302
199-H4-85,2018-02-14,115.906,115.5406
199-H4-85,2018-05-16,118.316,116.609
199-H4-85,2018-07-16,115.555,116.0424
199-H4-85,2018-10-16,114.348,114.3412
199-H4-85,2018-11-15,115.113,114.4827
199-H4-85,2019-03-16,114.825,114.6766
199-H4-85,2019-05-16,115.059,115.072
199-H4-85,2019-07-16,114.743,115.1057
199-H4-85,2019-08-16,115.02,114.8427
199-H4-85,2019-10-16,113.784,114.0161
199-H4-85,2019-12-16,114.442,114.6369
199-H4-85,2020-02-14,115.34,115.0502
199-H4-85,2020-06-15,116.38,116.345
199-H4-85,2020-08-16,115.3,115.6983
199-H4-85,2020-10-16,114.17,114.437
199-H4-86,2014-02-14,115.596,115.6682
199-H4-86,2014-05-16,116.124,116.184
199-H4-86,2014-08-16,116.356,116.5367
199-H4-86,2014-11-15,115.681,115.8028
199-H4-86,2015-02-14,116.156,115.893
199-H4-86,2015-05-16,115.932,115.8052
199-H4-87,2016-06-15,115.237,115.4299
199-H4-87,2016-11-15,114.912,114.9835
199-H4-87,2017-02-14,115.15,115.1833
199-H4-87,2017-05-16,116.073,115.8228
199-H4-87,2017-08-16,115.808,115.6751
199-H4-87,2017-11-15,115.024,114.9781
199-H4-87,2018-02-14,115.112,115.1292
199-H4-87,2018-05-16,115.299,115.7177
199-H4-87,2018-08-16,115.742,115.7384
199-H4-87,2018-11-15,115.101,115.0184
199-H4-87,2019-03-16,114.964,114.9227
199-H4-87,2019-05-16,114.314,115.012
199-H4-87,2019-08-16,114.956,115.1101
199-H4-87,2019-11-15,114.566,114.8364
199-H4-87,2020-08-16,115.45,115.6551
199-H4-88,2016-06-15,115.42,115.5232
199-H4-88,2016-07-16,115.24,115.4215
199-H4-88,2016-12-16,114.929,114.9917
199-H4-88,2017-01-16,115.189,115.1512
199-H4-88,2017-02-14,115.171,115.2372
199-H4-88,2017-03-16,115.394,115.3881
199-H4-88,2017-04-15,116.081,115.745
199-H4-88,2017-05-16,116.226,116.2081
199-H4-88,2017-06-15,117.011,116.4666
199-H4-88,2017-07-16,116.337,116.1579
199-H4-88,2017-08-16,115.439,115.6541
199-H4-88,2017-09-15,115.092,115.3563
199-H4-88,2017-10-16,114.872,115.044
199-H4-88,2017-12-16,114.885,114.8013
199-H4-88,2018-01-16,114.977,114.9535
199-H4-88,2018-02-14,,115.2142
199-H4-88,2018-03-16,115.274,115.3259
199-H4-88,2018-04-15,115.441,115.3566
199-H4-88,2018-05-16,116.747,116.0308
199-H4-88,2018-06-15,116.407,116.4583
199-H4-88,2018-07-16,115.71,116.0469
199-H4-88,2018-08-16,115.537,115.6235
199-H4-88,2018-09-15,115.124,115.2541
199-H4-88,2018-11-15,114.904,114.8089
199-H4-88,2019-03-16,114.793,114.81
199-H4-88,2019-08-16,114.776,114.9724
199-H4-88,2020-06-15,115.86,115.7359
199-H4-89,2016-06-15,115.58,115.6521
199-H4-89,2016-11-15,115.151,114.7314
199-H4-89,2017-02-14,115.33,115.3597
199-H4-89,2017-05-16,117.351,116.6496
199-H4-89,2017-06-15,117.38,116.8559
199-H4-89,2017-08-16,115.136,115.4822
199-H4-89,2017-11-15,114.427,114.4779
199-H4-89,2018-02-14,115.625,115.4418
199-H4-89,2018-05-16,118.001,116.4457
199-H4-89,2018-08-16,115.349,115.4538
199-H4-89,2019-03-16,114.685,114.7052
199-H4-89,2019-05-16,114.739,115.0263
199-H4-89,2019-08-16,114.827,114.8603
199-H4-89,2020-06-15,116.35,116.1557
199-H4-89,2020-08-16,115.33,115.7015
199-H6-1,2014-03-16,115.261,115.3116
199-H6-1,2014-05-16,116.1165,116.0065
199-H6-1,2014-10-16,115.571,115.3845
199-H6-1,2014-11-15,115.356,115.256
199-H6-1,2015-03-16,116.004,115.8669
199-H6-1,2015-05-16,115.7145,115.6822
199-H6-1,2015-11-15,115.028,115.0603
199-H6-1,2016-03-16,115.185,115.3528
199-H6-1,2016-05-16,115.74,115.8686
199-H6-1,2016-10-16,116.098,115.2762
199-H6-1,2016-11-15,115.3,115.2821
199-H6-1,2017-03-16,115.581,115.8027
199-H6-1,2017-05-16,116.46,116.6539
199-H6-1,2017-10-16,115.334,115.29
199-H6-1,2017-11-15,115.123,115.1477
199-H6-1,2018-03-16,115.555,115.6664
199-H6-1,2018-10-16,115.207,115.3252
199-H6-1,2019-03-16,115.017,115.0442
199-H6-1,2019-11-15,114.606,114.8263
199-H6-1,2020-03-16,114.95,115.1535
199-H6-1,2020-12-16,115.1,115.1853
199-H3-3,2014-02-14,115.505,115.4578
199-H3-3,2014-03-16,115.454,115.4493
199-H3-3,2014-05-16,115.913,115.9213
199-H3-3,2014-08-16,116.263,116.2438
199-H3-3,2014-10-16,115.7805,115.873
199-H3-3,2015-02-14,115.682,115.5216
199-H3-3,2015-03-16,115.839,115.5233
199-H3-3,2015-04-15,115.855,115.5031
199-H3-3,2015-05-16,115.407,115.4701
199-H3-3,2015-08-16,115.215,115.2419
199-H3-3,2015-11-15,115.073,115.1233
199-H3-3,2016-02-15,115.05,115.1938
199-H3-3,2016-03-16,115.058,115.2246
199-H3-3,2016-05-16,115.144,115.3835
199-H3-3,2016-10-16,115.12,115.1708
199-H3-3,2016-11-15,115.114,115.1271
199-H3-3,2017-03-16,114.74,115.2268
199-H3-3,2017-10-16,115.532,115.5076
199-H3-3,2017-11-15,115.284,115.146
199-H3-3,2018-03-16,114.901,115.1762
199-H3-3,2018-10-16,115.494,115.4856
199-H3-3,2019-03-16,115.119,115.1114
199-H3-3,2019-11-15,114.949,115.1377
199-H3-3,2020-03-16,115.01,115.3053
199-H3-3,2020-12-16,115.12,115.3109
199-H3-5,2014-02-14,115.787,115.5773
199-H3-5,2014-03-16,115.744,115.569
199-H3-5,2014-05-16,116.023,115.9839
199-H3-5,2014-08-16,116.379,116.3084
199-H3-5,2014-10-16,116.0265,115.9908
199-H3-5,2015-02-14,115.888,115.5795
199-H3-5,2015-04-15,116.037,115.5494
199-H3-5,2015-05-16,115.75,115.5258
199-H3-5,2015-08-16,115.556,115.3475
199-H3-5,2015-11-15,115.375,115.2658
199-H3-5,2016-02-15,115.349,115.3293
199-H3-5,2016-03-16,115.351,115.3551
199-H3-5,2016-05-16,115.4245,115.4908
199-H3-5,2016-10-16,115.46,115.3272
199-H3-5,2017-03-16,115.326,115.3512
199-H3-5,2017-05-16,115.54,115.602
199-H3-5,2017-10-16,115.875,115.6573
199-H3-5,2018-03-16,115.544,115.3086
199-H3-5,2019-03-16,115.435,115.2649
199-H3-5,2019-11-15,115.248,115.28
199-H3-5,2020-03-16,115.25,115.4062
199-H3-5,2020-10-16,115.5,115.6412
199-H4-49,2014-02-14,115.649,115.654
199-H4-49,2014-03-16,115.605,115.6473
199-H4-49,2014-05-16,115.906,116.1112
199-H4-49,2014-08-16,116.377,116.4721
199-H4-49,2014-10-16,115.811,115.9951
199-H4-49,2015-02-14,115.816,115.8345
199-H4-49,2015-03-16,115.973,115.8764
199-H4-49,2015-05-16,115.886,115.7839
199-H4-49,2015-08-16,115.361,115.5016
199-H4-49,2015-11-15,115.153,115.1363
199-H4-49,2016-02-15,115.133,115.16
199-H4-49,2016-03-16,115.156,115.2137
199-H4-49,2016-05-16,115.362,115.4977
199-H4-49,2016-11-15,115.25,115.1619
199-H4-49,2017-03-16,115.4,115.3653
199-H4-49,2017-11-15,115.419,115.1994
199-H4-49,2018-03-16,115.406,115.3019
199-H4-49,2018-11-15,115.564,115.2741
199-H4-49,2019-03-16,115.216,115.0747
199-H4-49,2019-11-15,114.984,115.0041
199-H4-49,2020-03-16,115.07,115.1937
199-H4-49,2020-12-16,115.19,115.2113
199-H5-1A,2014-01-31,115.7185,115.5464
199-H5-1A,2014-02-14,115.62,115.5177
199-H5-1A,2014-03-16,115.581,115.5102
199-H5-1A,2014-05-16,115.9625,115.939
199-H5-1A,2014-08-16,116.2742,116.2629
199-H5-1A,2014-09-15,116.1097,116.1322
199-H5-1A,2014-10-16,115.9,115.923
199-H5-1A,2014-11-15,115.752,115.7616
199-H5-1A,2014-12-16,115.6967,115.6793
199-H5-1A,2015-01-16,115.7613,115.6285
199-H5-1A,2015-02-14,115.8407,115.6082
199-H5-1A,2015-03-16,115.9403,115.6229
199-H5-1A,2015-04-15,115.9381,115.6105
199-H5-1A,2015-05-16,115.8338,115.5789
199-H5-1A,2015-06-15,115.7201,115.5597
199-H5-1A,2015-07-16,115.5139,115.4823
199-H5-1A,2015-08-16,115.3789,115.3788
199-H5-1A,2015-09-15,115.29,115.3272
199-H5-1A,2015-11-15,115.189,115.2693
199-H5-1A,2015-12-16,115.1762,115.2843
199-H5-1A,2016-01-16,115.1585,115.3052
199-H5-1A,2016-02-15,115.1564,115.3281
199-H5-1A,2016-03-16,115.176,115.3602
199-H5-1A,2016-04-15,115.1965,115.4417
199-H5-1A,2016-05-16,115.3025,115.535
199-H5-1A,2016-06-15,115.3734,115.5885
199-H5-1A,2016-07-16,115.3795,115.5818
199-H5-1A,2016-08-16,115.3696,115.5321
199-H5-1A,2016-09-15,115.334,115.4662
199-H5-1A,2016-10-16,115.2776,115.3835
199-H5-1A,2016-11-15,115.2645,115.3334
199-H5-1A,2016-12-16,115.287,115.3213
199-H5-1A,2017-01-16,115.3314,115.3401
199-H5-1A,2017-02-14,115.3766,115.3757
199-H5-1A,2017-03-16,115.4036,115.4299
199-H5-1A,2017-04-15,115.5164,115.5307
199-H5-1A,2017-05-16,115.74,115.7204
199-H5-1A,2017-06-15,116.1005,115.9243
199-H5-1A,2017-07-16,116.1315,115.9609
199-H5-1A,2017-08-16,116.0456,115.9446
199-H5-1A,2017-09-15,116.0021,115.9525
199-H5-1A,2017-10-16,115.6459,115.6841
199-H5-1A,2017-11-15,115.4608,115.372
199-H5-1A,2017-12-16,115.381,115.2661
199-H5-1A,2018-01-16,115.3405,115.2611
199-H5-1A,2018-02-14,115.3553,115.3081
199-H5-1A,2018-03-16,115.3976,115.3529
199-H5-1A,2018-04-15,115.3819,115.3993
199-H5-1A,2018-05-16,115.5668,115.6682
199-H5-1A,2018-06-15,116.1548,116.0246
199-H5-1A,2018-07-16,116.2051,116.1773
199-H5-1A,2018-08-16,116.1127,116.1404
199-H5-1A,2018-09-15,115.8972,115.933
199-H5-1A,2018-10-16,115.7038,115.677
199-H5-1A,2018-11-15,115.5626,115.5254
199-H5-1A,2018-12-16,115.4753,115.4276
199-H5-1A,2019-01-16,115.4005,115.348
199-H5-1A,2019-02-14,115.2928,115.2811
199-H5-1A,2019-03-16,115.23,115.2423
199-H5-1A,2019-04-15,115.1771,115.2311
199-H5-1A,2019-05-16,115.1806,115.2791
199-H5-1A,2019-06-15,115.2344,115.341
199-H5-1A,2019-07-16,115.2381,115.3707
199-H5-1A,2019-08-16,115.1979,115.372
199-H5-1A,2019-09-15,115.1562,115.3385
199-H5-1A,2019-10-16,115.0859,115.278
199-H5-1A,2019-11-15,115.0418,115.2446
199-H5-1A,2019-12-16,115.0278,115.2431
199-H5-1A,2020-01-16,115.0104,115.2461
199-H5-1A,2020-03-16,115.0933,115.3727
199-H5-1A,2020-04-15,115.0763,115.3591
199-H5-1A,2020-05-16,115.0732,115.4211
199-H5-1A,2020-06-15,115.2846,115.6063
199-H5-1A,2020-07-16,115.6232,115.8274
199-H5-1A,2020-08-16,115.6614,115.8977
199-H5-1A,2020-09-15,115.5403,115.8015
199-H5-1A,2020-10-16,115.4126,115.6424
199-H5-1A,2020-11-15,115.2781,115.5099
199-H5-1A,2020-12-16,115.23,115.4336
199-H6-4,2014-03-16,115.68,115.7402
199-H6-4,2014-05-16,115.808,115.9961
199-H6-4,2014-11-15,115.902,115.932
199-H6-4,2015-03-16,115.869,115.9194
199-H6-4,2015-05-16,115.919,115.9088
199-H6-4,2015-11-15,115.499,115.7283
199-H6-4,2016-03-16,115.533,115.8529
199-H6-4,2016-05-16,115.747,116.1084
199-H6-4,2017-03-16,115.954,116.2478
199-H6-4,2018-03-16,115.841,116.0839
199-H6-4,2019-03-16,115.487,115.6889
199-H6-4,2020-03-16,115.32,115.6548
699-94-41,2014-02-14,116.296,116.1759
699-94-41,2014-03-16,116.289,116.1698
699-94-41,2014-06-15,116.403,116.5307
699-94-41,2014-08-16,116.622,116.7002
699-94-41,2014-11-15,116.408,116.4309
699-94-41,2015-02-14,116.349,116.1099
699-94-41,2015-03-16,116.384,116.0619
699-94-41,2015-05-16,116.38,116.0343
699-94-41,2015-08-16,116.152,115.9678
699-94-41,2015-11-15,116.053,115.865
699-94-41,2016-02-15,116.019,115.8711
699-94-41,2016-03-16,116.022,115.8874
699-94-41,2016-05-16,116.073,115.9885
699-94-41,2016-11-15,116.002,115.8809
699-94-41,2017-03-16,115.9741,115.8689
699-94-41,2017-04-15,115.988,115.9198
699-94-41,2017-05-16,116.03,116.0268
699-94-41,2017-06-15,116.1644,116.1545
699-94-41,2017-07-16,116.3146,116.224
699-94-41,2017-08-16,116.351,116.2611
699-94-41,2017-09-15,116.3932,116.2926
699-94-41,2017-10-16,116.3007,116.1949
699-94-41,2017-11-15,116.2084,116.0373
699-94-41,2017-12-16,116.1416,115.9358
699-94-41,2018-01-16,116.0972,115.8901
699-94-41,2018-03-16,116.069,115.8942
699-94-41,2018-04-15,116.0674,115.9169
699-94-41,2018-05-16,116.098,116.0402
699-94-41,2018-06-15,116.281,116.2415
699-94-41,2018-07-16,116.4642,116.3874
699-94-41,2018-08-16,116.4958,116.4262
699-94-41,2018-09-15,116.4421,116.3595
699-94-41,2018-10-16,116.3539,116.2312
699-94-41,2018-11-15,116.2833,116.1239
699-94-41,2018-12-16,116.2323,116.044
699-94-41,2019-01-16,116.1943,115.9789
699-94-41,2019-02-14,116.1437,115.9234
699-94-41,2019-03-16,116.0973,115.8818
699-94-41,2019-04-15,116.0684,115.8541
699-94-41,2019-05-16,116.0368,115.8495
699-94-41,2019-06-15,116.0171,115.8684
699-94-41,2019-07-16,116.0267,115.8918
699-94-41,2019-08-16,116.0233,115.902
699-94-41,2019-09-15,116.0066,115.888
699-94-41,2019-10-16,115.9857,115.8488
699-94-41,2019-11-15,115.956,115.8092
699-94-41,2019-12-16,115.9308,115.7821
699-94-41,2020-01-16,115.9119,115.7665
699-94-41,2020-02-14,115.9,115.7784
699-94-41,2020-03-16,115.9028,115.8034
699-94-41,2020-04-15,115.8963,115.8049
699-94-41,2020-05-16,115.8805,115.8314
699-94-41,2020-06-15,115.9076,115.9265
699-94-41,2020-07-16,116.0009,116.0649
699-94-41,2020-08-16,116.1058,116.1516
699-94-41,2020-09-15,116.1141,116.1453
699-94-41,2020-10-16,116.0702,116.0625
699-94-41,2020-11-15,116.0152,115.9615
699-94-41,2020-12-16,115.9771,115.8899
9-199-H6-2,2019-11-15,,115.2392
9-199-H6-2,2020-12-16,,115.476
199-H6-3,2014-05-16,115.489,115.8617
199-H6-3,2014-11-15,115.224,115.3054
199-H6-3,2015-05-16,115.514,115.615
199-H6-3,2015-11-15,115.179,115.2519
199-H6-3,2016-05-16,115.99,116.0078
199-H6-3,2016-11-15,115.775,115.6452
199-H6-3,2017-03-16,115.985,116.0752
199-H6-3,2017-04-15,116.4534,116.3744
199-H6-3,2017-05-16,116.667,116.8044
199-H6-3,2017-06-15,117.0483,117.0739
199-H6-3,2017-07-16,116.8068,116.8717
199-H6-3,2017-08-16,116.2458,116.3212
199-H6-3,2017-09-15,115.702,115.8378
199-H6-3,2017-10-16,115.6463,115.6138
199-H6-3,2017-11-15,115.5,115.5347
199-H6-3,2017-12-16,115.4236,115.4986
199-H6-3,2018-01-16,115.4478,115.5923
199-H6-3,2018-02-14,115.5405,115.7506
199-H6-3,2018-03-16,115.6784,115.8431
199-H6-3,2018-04-15,115.822,115.9436
199-H6-3,2018-05-16,116.4236,116.5643
199-H6-3,2018-06-15,116.7581,116.9321
199-H6-3,2018-07-16,116.5657,116.6308
199-H6-3,2018-08-16,116.2275,116.2801
199-H6-3,2018-09-15,115.9999,115.9723
199-H6-3,2018-10-16,115.7231,115.7199
199-H6-3,2018-11-15,115.6102,115.5887
199-H6-3,2018-12-16,115.731,115.5718
199-H6-3,2019-01-16,115.4383,115.466
199-H6-3,2019-02-14,115.2013,115.3214
199-H6-3,2019-03-16,115.0707,115.2207
199-H6-3,2019-04-15,114.9852,115.1573
199-H6-3,2019-05-16,115.027,115.3198
199-H6-3,2019-06-15,115.2983,115.5132
199-H6-3,2019-07-16,115.2587,115.5006
199-H6-3,2019-08-16,115.1474,115.425
199-H6-3,2019-09-15,115.0921,115.3043
199-H6-3,2019-10-16,114.9083,115.1217
199-H6-3,2019-11-15,114.8723,115.0675
199-H6-3,2019-12-16,114.9882,115.1183
199-H6-3,2020-01-16,114.9,115.156
199-H6-3,2020-03-16,114.9567,115.2696
199-H6-3,2020-04-15,114.8714,115.2189
199-H6-3,2020-07-16,116.0703,116.3421
199-H6-3,2020-08-16,115.8442,116.1006
199-H6-3,2020-09-15,115.5486,115.7426
199-H6-3,2020-10-16,115.3031,115.4543
199-H6-3,2020-11-15,115.2408,115.3454
199-H6-3,2020-12-16,115.3568,115.3514
699-93-37A,2017-02-14,115.21,115.6623
699-93-37A,2017-03-16,115.6309,115.7743
699-93-37A,2017-04-15,115.9389,116.1303
699-93-37A,2017-05-16,116.2643,116.606
699-93-37A,2017-06-15,116.5575,116.8451
699-93-37A,2017-07-16,116.0755,116.5801
699-93-37A,2017-08-16,115.6318,116.0646
699-93-37A,2017-09-15,115.2807,115.6843
699-93-37A,2017-10-16,115.0227,115.4291
699-93-37A,2017-11-15,114.8994,115.2993
699-93-37A,2017-12-16,114.8732,115.2922
699-93-37A,2018-01-16,114.9291,115.4151
699-93-37A,2018-02-14,115.1611,115.63
699-93-37A,2018-03-16,115.3346,115.7243
699-93-37A,2018-04-15,115.2816,115.7638
699-93-37A,2018-05-16,116.1789,116.4252
699-93-37A,2018-06-15,116.4337,116.8111
699-93-37A,2018-07-16,115.9197,116.4057
699-93-37A,2018-08-16,115.53,116.0073
699-93-37A,2018-09-15,115.2593,115.6989
699-93-37A,2018-10-16,115.0353,115.4511
699-93-37A,2018-11-15,115.0887,115.3526
699-93-37A,2018-12-16,115.2052,115.3536
699-93-37A,2019-01-16,115.0559,115.3409
699-93-37A,2019-02-14,114.9337,115.3089
699-93-37A,2019-03-16,114.8358,115.2406
699-93-37A,2019-04-15,114.7145,115.1637
699-93-37A,2019-05-16,114.7875,115.3129
699-93-37A,2019-06-15,115.0786,115.5004
699-93-37A,2019-07-16,114.9321,115.4672
699-93-37A,2019-08-16,114.7875,115.3798
699-93-37A,2019-09-15,114.7247,115.2405
699-93-37A,2019-10-16,114.557,115.0609
699-93-37A,2019-11-15,114.747,115.026
699-93-37A,2019-12-16,114.7578,115.0788
699-93-37A,2020-01-16,114.6646,115.1242
699-93-37A,2020-03-16,114.7266,115.2696
699-93-37A,2020-04-15,114.6087,115.1869
699-93-37A,2020-07-16,115.7998,116.2682
699-93-37A,2020-08-16,115.4469,116.0035
699-93-37A,2020-09-15,115.1473,115.6585
699-93-37A,2020-10-16,114.8915,115.3567
699-93-37A,2020-11-15,114.9785,115.2405
699-93-37A,2020-12-16,115.1082,115.2632
9-199-H6-8,2015-06-15,,115.6664
199-H5-16,2015-10-16,,116.9737
199-H5-16,2016-01-16,,116.9458
199-H5-16,2016-04-15,,116.9629
9-199-H6-7,2015-06-15,,116.0157
199-D2-6,2015-09-15,118.215,118.6046
199-D2-6,2015-10-16,118.062,118.5056
199-D2-6,2015-12-16,118.118,118.3987
199-D2-6,2016-03-16,118.231,118.4555
199-D2-6,2016-05-16,118.692,118.683
199-D2-6,2016-06-15,118.676,118.7691
199-D2-6,2016-09-15,118.499,118.8111
199-D2-6,2016-11-15,118.339,118.6578
199-D2-6,2016-12-16,118.435,118.6432
199-D2-6,2017-03-16,118.678,118.8789
199-D2-6,2017-06-15,,119.3764
199-D2-6,2017-09-15,118.661,119.1338
199-D2-6,2018-03-16,118.706,118.8503
199-D2-6,2018-10-16,118.21,118.8473
199-D2-6,2019-03-16,118.147,118.5252
199-D2-6,2019-10-16,117.853,118.4257
199-D2-6,2020-03-16,118.21,118.2766
199-D2-6,2020-12-16,118.34,118.3225
199-D3-2,2014-01-31,117.929,117.7697
199-D3-2,2014-03-16,117.941,117.7715
199-D3-2,2014-04-15,118.4769,118.2803
199-D3-2,2014-05-16,118.9957,118.8023
199-D3-2,2014-06-15,119.1813,119.093
199-D3-2,2014-08-16,118.5688,118.4888
199-D3-2,2014-09-15,117.9624,117.7784
199-D3-2,2014-10-16,117.6716,117.3362
199-D3-2,2014-11-15,117.7123,117.4655
199-D3-2,2014-12-16,118.067,117.8056
199-D3-2,2015-02-14,118.6872,118.4639
199-D3-2,2015-03-16,118.6461,118.5307
199-D3-2,2015-04-15,118.4498,118.3149
199-D3-2,2015-05-16,118.2572,118.1841
199-D3-2,2015-06-15,118.2726,118.1629
199-D3-2,2015-07-16,118.1307,118.0059
199-D3-2,2015-08-16,118.182,117.9147
199-D3-2,2015-09-15,117.8377,117.6493
199-D3-2,2015-10-16,117.6357,117.3187
199-D3-2,2015-11-15,117.7526,117.4332
199-D3-2,2015-12-16,117.8624,117.624
199-D3-2,2016-01-16,117.9334,117.7137
199-D3-2,2016-02-15,117.995,117.8171
199-D3-2,2016-03-16,118.1976,117.9831
199-D3-2,2016-04-15,118.5694,118.3893
199-D3-2,2016-05-16,118.781,118.6116
199-D3-2,2016-06-15,118.6145,118.4893
199-D3-2,2016-07-16,118.4359,118.2862
199-D3-2,2016-08-16,118.2042,117.9967
199-D3-2,2016-09-15,117.7789,117.5821
199-D3-2,2016-10-16,117.6949,117.3747
199-D3-2,2016-11-15,118.0125,117.6293
199-D3-2,2016-12-16,118.2158,117.9779
199-D3-2,2017-01-16,118.4549,118.2145
199-D3-2,2017-02-14,118.3575,118.261
199-D3-2,2017-03-16,118.6006,118.4399
199-D3-2,2017-04-15,119.3752,118.9926
199-D3-2,2017-05-16,119.7685,119.5469
199-D3-2,2017-06-15,119.9113,119.6996
199-D3-2,2017-07-16,119.0015,119.0666
199-D3-2,2017-08-16,118.3859,118.1931
199-D3-2,2017-09-15,118.0208,117.7062
199-D3-2,2017-10-16,117.6674,117.3358
199-D3-2,2017-11-15,117.6545,117.272
199-D3-2,2017-12-16,117.881,117.5968
199-D3-2,2018-02-14,118.694,118.4157
199-D3-2,2018-03-16,118.4634,118.4098
199-D3-2,2018-04-15,118.5497,118.3845
199-D3-2,2018-05-16,119.8579,119.3711
199-D3-2,2018-06-15,119.6259,119.6813
199-D3-2,2018-07-16,118.8728,118.8307
199-D3-2,2018-08-16,118.4368,118.203
199-D3-2,2018-09-15,117.941,117.6497
199-D3-2,2018-10-16,117.6294,117.2813
199-D3-2,2018-11-15,117.8498,117.4428
199-D3-2,2018-12-16,117.8833,117.6471
199-D3-2,2019-01-16,117.8839,117.6907
199-D3-2,2019-02-14,117.9062,117.7436
199-D3-2,2019-03-16,117.7728,117.6177
199-D3-2,2019-04-15,117.5866,117.495
199-D3-2,2019-05-16,118.2671,117.9578
199-D3-2,2019-06-15,118.3981,118.2826
199-D3-2,2019-07-16,118.0487,117.9772
199-D3-2,2019-08-16,117.9968,117.7596
199-D3-2,2019-09-15,117.5809,117.3769
199-D3-2,2019-10-16,117.3265,117.0173
199-D3-2,2019-11-15,117.6382,117.3014
199-D3-2,2019-12-16,117.7909,117.6004
199-D3-2,2020-01-16,117.8463,117.5242
199-D3-2,2020-02-14,118.1601,117.5648
199-D3-2,2020-03-16,117.9267,117.4169
199-D3-2,2020-04-15,117.6731,117.1386
199-D3-2,2020-05-16,118.619,117.8101
199-D3-2,2020-06-15,119.3644,118.7072
199-D3-2,2020-07-16,119.1341,118.6969
199-D3-2,2020-08-16,118.5802,118.1329
199-D3-2,2020-09-15,117.9937,117.4237
199-D3-2,2020-10-16,117.6884,116.9321
199-D3-2,2020-11-15,117.9487,117.1036
199-D3-2,2020-12-16,118.0449,117.3888
199-D3-5,2014-02-14,117.897,118.3405
199-D3-5,2014-03-16,117.69,118.3617
199-D3-5,2014-06-15,119.17,118.9474
199-D3-5,2014-08-16,118.827,118.9415
199-D3-5,2014-11-15,117.781,118.4824
199-D3-5,2015-02-14,118.542,118.5557
199-D3-5,2015-03-16,118.693,118.6979
199-D3-5,2015-05-16,118.235,118.7237
199-D3-5,2015-08-16,118.181,118.565
199-D3-5,2015-10-16,117.714,118.3539
199-D3-5,2016-02-15,118.021,118.356
199-D3-5,2016-03-16,118.138,118.4101
199-D3-5,2016-05-16,118.751,118.7245
199-D3-5,2016-11-15,117.984,118.4308
199-D3-5,2017-03-16,118.5163,118.7792
199-D3-5,2017-04-15,119.2609,118.9473
199-D3-5,2017-05-16,119.6375,119.2084
199-D3-5,2017-06-15,119.9074,119.4052
199-D3-5,2017-07-16,119.2126,119.4111
199-D3-5,2017-08-16,118.6205,119.216
199-D3-5,2017-09-15,118.2527,118.9458
199-D3-5,2017-10-16,118.0084,118.6595
199-D3-5,2017-11-15,117.721,118.4975
199-D3-5,2018-03-16,118.4655,118.8038
199-D3-5,2018-04-15,118.4776,118.8196
199-D3-5,2018-05-16,119.467,119.1004
199-D3-5,2018-06-15,119.6382,119.3696
199-D3-5,2018-07-16,119.1837,119.3233
199-D3-5,2018-08-16,118.4829,119.1333
199-D3-5,2018-09-15,118.1811,118.8772
199-D3-5,2018-10-16,117.8433,118.6514
199-D3-5,2018-11-15,117.9195,118.5474
199-D3-5,2018-12-16,117.9882,118.4931
199-D3-5,2019-01-16,117.9628,118.4787
199-D3-5,2019-02-14,117.9771,118.481
199-D3-5,2019-03-16,117.9024,118.4351
199-D3-5,2019-04-15,117.7052,118.3652
199-D3-5,2019-05-16,118.1786,118.4307
199-D3-5,2019-06-15,118.4364,118.5646
199-D3-5,2019-07-16,118.1577,118.5876
199-D3-5,2019-08-16,118.0823,118.54
199-D3-5,2019-09-15,117.7931,118.4239
199-D3-5,2019-10-16,117.5203,118.2555
199-D3-5,2019-11-15,117.6679,118.1974
199-D3-5,2019-12-16,117.8569,118.2405
199-D3-5,2020-01-16,117.8735,118.2064
199-D3-5,2020-02-14,118.1481,118.1809
199-D3-5,2020-03-16,118.055,118.1558
199-D3-5,2020-04-15,117.7809,118.0503
199-D3-5,2020-05-16,118.4277,118.2137
199-D3-5,2020-06-15,119.2063,118.6438
199-D3-5,2020-07-16,119.1742,118.895
199-D3-5,2020-08-16,118.6982,118.7816
199-D3-5,2020-09-15,118.2224,118.4875
199-D3-5,2020-10-16,117.8753,118.1858
199-D3-5,2020-11-15,117.9851,118.0863
199-D3-5,2020-12-16,118.1157,118.1406
199-D4-1,2014-01-31,117.031,117.357
199-D4-1,2014-12-16,117.129,117.3557
199-D4-1,2015-12-16,116.982,117.1738
199-D4-1,2016-11-15,117.282,117.332
199-D4-1,2017-11-15,117.003,117.0061
199-D4-1,2018-10-16,116.948,117.0298
199-D4-1,2019-10-16,116.765,116.7929
199-D4-102,2016-11-15,117.558,117.4436
199-D4-102,2017-02-14,117.886,117.9585
199-D4-102,2017-05-16,118.73,118.9382
199-D4-102,2017-08-16,118.353,118.2658
199-D4-102,2017-11-15,117.438,117.2481
199-D4-102,2018-02-14,118.015,118.0421
199-D4-102,2018-05-16,118.306,118.808
199-D4-102,2018-08-16,118.042,118.1648
199-D4-102,2018-11-15,117.391,117.2993
199-D4-102,2019-05-16,117.68,117.6341
199-D4-102,2019-10-16,117.071,117.0465
199-D4-102,2020-12-16,117.61,117.0789
199-D4-103,2016-11-15,118.136,117.9378
199-D4-103,2017-02-14,118.398,118.3077
199-D4-103,2017-05-16,119.385,119.1052
199-D4-103,2017-08-16,119.282,118.7462
199-D4-103,2017-11-15,118.127,117.845
199-D4-103,2018-02-14,118.394,118.3222
199-D4-103,2018-05-16,118.859,118.9316
199-D4-103,2018-11-15,117.901,117.9004
199-D4-103,2019-05-16,117.929,118.023
199-D4-13,2014-01-31,117.2576,117.5093
199-D4-13,2014-02-14,117.1443,117.4024
199-D4-13,2014-03-16,117.272,117.5182
199-D4-13,2014-04-15,117.7917,117.923
199-D4-13,2014-05-16,118.2619,118.4213
199-D4-13,2014-06-15,118.5531,118.7449
199-D4-13,2014-07-16,118.6545,118.6925
199-D4-13,2014-08-16,118.2343,118.3414
199-D4-13,2014-09-15,117.6834,117.7306
199-D4-13,2014-10-16,117.3485,117.2604
199-D4-13,2014-11-15,117.3976,117.2456
199-D4-13,2014-12-16,117.6282,117.4983
199-D4-13,2015-01-16,117.9779,117.8333
199-D4-13,2015-02-14,118.1038,118.1281
199-D4-13,2015-03-16,118.1591,118.2237
199-D4-13,2015-04-15,118.078,118.0714
199-D4-13,2015-05-16,117.8337,117.9419
199-D4-13,2015-06-15,117.8477,117.8976
199-D4-13,2015-07-16,117.6963,117.769
199-D4-13,2015-08-16,117.727,117.682
199-D4-13,2015-09-15,117.4797,117.4683
199-D4-13,2015-10-16,117.2837,117.1706
199-D4-13,2015-11-15,117.3211,117.1922
199-D4-13,2015-12-16,117.4196,117.334
199-D4-13,2016-01-16,117.5477,117.4318
199-D4-13,2016-02-15,117.574,117.5323
199-D4-13,2016-03-16,117.7413,117.6805
199-D4-13,2016-04-15,118.0857,118.0574
199-D4-13,2016-05-16,118.344,118.3092
199-D4-13,2016-06-15,118.059,118.2311
199-D4-13,2016-07-16,117.9629,118.0649
199-D4-13,2016-08-16,117.8352,117.84
199-D4-13,2016-09-15,117.5287,117.5257
199-D4-13,2016-10-16,117.5281,117.3472
199-D4-13,2016-11-15,117.6154,117.4794
199-D4-13,2016-12-16,117.7112,117.7322
199-D4-13,2017-01-16,118.3849,117.9709
199-D4-13,2017-02-14,118.2117,118.0476
199-D4-13,2017-03-16,118.3381,118.1959
199-D4-13,2017-04-15,118.9691,118.6572
199-D4-13,2017-05-16,119.3271,119.1865
199-D4-13,2017-06-15,119.6434,119.3954
199-D4-13,2017-07-16,118.9972,118.9339
199-D4-13,2017-08-16,118.3484,118.1904
199-D4-13,2017-09-15,117.9562,117.6967
199-D4-13,2017-10-16,117.5362,117.3052
199-D4-13,2017-11-15,117.3855,117.1595
199-D4-13,2017-12-16,117.4108,117.3705
199-D4-13,2018-02-14,118.2674,118.1226
199-D4-13,2018-03-16,118.1434,118.1897
199-D4-13,2018-04-15,118.0855,118.1783
199-D4-13,2018-05-16,119.0437,118.9895
199-D4-13,2018-06-15,119.3632,119.3749
199-D4-13,2018-07-16,118.6701,118.746
199-D4-13,2018-08-16,118.1985,118.1415
199-D4-13,2018-09-15,117.731,117.6078
199-D4-13,2018-10-16,117.3686,117.222
199-D4-13,2018-11-15,117.4513,117.2631
199-D4-13,2018-12-16,117.4906,117.4136
199-D4-13,2019-01-16,117.463,117.468
199-D4-13,2019-02-14,117.6271,117.544
199-D4-13,2019-03-16,117.6528,117.5005
199-D4-13,2019-04-15,117.3886,117.4
199-D4-13,2019-05-16,117.7942,117.7238
199-D4-13,2019-06-15,118.036,118.0196
199-D4-13,2019-07-16,117.7105,117.8212
199-D4-13,2019-08-16,117.5992,117.6045
199-D4-13,2019-09-15,117.3032,117.2897
199-D4-13,2019-10-16,117.148,116.968
199-D4-13,2019-11-15,117.2459,117.1068
199-D4-13,2019-12-16,117.3636,117.3486
199-D4-13,2020-01-16,117.3931,117.3141
199-D4-13,2020-02-14,117.6699,117.3074
199-D4-13,2020-03-16,117.5548,117.1853
199-D4-13,2020-04-15,117.3422,116.9654
199-D4-13,2020-05-16,117.9519,117.438
199-D4-13,2020-06-15,118.7387,118.1892
199-D4-13,2020-07-16,118.9027,118.3733
199-D4-13,2020-08-16,118.6217,118.0129
199-D4-13,2020-09-15,117.9021,117.3883
199-D4-13,2020-10-16,117.5179,116.8885
199-D4-13,2020-11-15,117.6513,116.9028
199-D4-13,2020-12-16,117.8218,117.1084
199-D4-15,2014-01-31,117.3302,117.5941
199-D4-15,2014-02-14,117.3752,117.5766
199-D4-15,2014-03-16,117.2842,117.6298
199-D4-15,2014-04-15,117.3996,117.8171
199-D4-15,2014-05-16,117.6116,118.1465
199-D4-15,2014-06-15,117.934,118.4305
199-D4-15,2014-07-16,118.1672,118.5142
199-D4-15,2014-08-16,118.1447,118.3742
199-D4-15,2014-09-15,117.9003,118.0433
199-D4-15,2014-10-16,117.5495,117.7017
199-D4-15,2014-11-15,117.391,117.5735
199-D4-15,2014-12-16,117.4353,117.6475
199-D4-15,2015-01-16,117.5344,117.8162
199-D4-15,2015-02-14,117.7027,117.9873
199-D4-15,2015-03-16,117.8757,118.0854
199-D4-15,2015-04-15,117.9121,118.0623
199-D4-15,2015-05-16,117.7899,118.0105
199-D4-15,2015-06-15,117.7775,117.9787
199-D4-15,2015-07-16,117.6957,117.9004
199-D4-15,2015-08-16,117.6533,117.8148
199-D4-15,2015-09-15,117.6005,117.663
199-D4-15,2015-10-16,117.4997,117.4508
199-D4-15,2015-11-15,117.4191,117.3704
199-D4-15,2015-12-16,117.4682,117.3834
199-D4-15,2016-01-16,117.5116,117.4271
199-D4-15,2016-02-15,117.5015,117.4892
199-D4-15,2016-03-16,117.5718,117.5794
199-D4-15,2016-04-15,117.648,117.7989
199-D4-15,2016-05-16,117.8689,118.0043
199-D4-15,2016-06-15,117.9291,118.0603
199-D4-15,2016-07-16,118.0494,118.0949
199-D4-15,2016-08-16,118.0458,118.0724
199-D4-15,2016-09-15,117.8063,117.8893
199-D4-15,2016-10-16,117.7019,117.7305
199-D4-15,2016-11-15,117.6715,117.7256
199-D4-15,2016-12-16,117.7367,117.7927
199-D4-15,2017-01-16,117.8997,117.9173
199-D4-15,2017-02-14,117.968,118.0076
199-D4-15,2017-03-16,118.0079,118.1288
199-D4-15,2017-04-15,118.2577,118.4056
199-D4-15,2017-05-16,118.6088,118.7847
199-D4-15,2017-06-15,118.9378,119.016
199-D4-15,2017-07-16,118.8265,118.8573
199-D4-15,2017-08-16,118.513,118.4722
199-D4-15,2017-09-15,118.2633,118.1584
199-D4-15,2017-10-16,117.9396,117.8512
199-D4-15,2017-11-15,117.6895,117.6457
199-D4-15,2017-12-16,117.6377,117.6546
199-D4-15,2018-01-16,117.7098,117.808
199-D4-15,2018-02-14,117.8724,118.0371
199-D4-15,2018-03-16,117.9885,118.1404
199-D4-15,2018-04-15,117.93,118.1701
199-D4-15,2018-05-16,118.2037,118.6146
199-D4-15,2018-06-15,118.7809,118.9496
199-D4-15,2018-07-16,118.617,118.7295
199-D4-15,2018-08-16,118.3312,118.3712
199-D4-15,2018-09-15,118.03,118.0236
199-D4-15,2018-10-16,117.7393,117.7419
199-D4-15,2018-11-15,117.6106,117.6553
199-D4-15,2018-12-16,117.6419,117.6533
199-D4-15,2019-01-16,117.5818,117.6586
199-D4-15,2019-02-14,117.5883,117.6869
199-D4-15,2019-03-16,117.5744,117.6506
199-D4-15,2019-04-15,117.4388,117.575
199-D4-15,2019-05-16,117.4665,117.7053
199-D4-15,2019-06-15,117.6511,117.8864
199-D4-15,2019-07-16,117.5682,117.8406
199-D4-15,2019-08-16,117.4651,117.7232
199-D4-15,2019-09-15,117.3836,117.5594
199-D4-15,2019-10-16,117.2224,117.3497
199-D4-15,2019-11-15,117.1849,117.3215
199-D4-15,2019-12-16,117.2816,117.4078
199-D4-15,2020-01-16,117.26,117.3975
199-D4-15,2020-02-14,117.3474,117.3714
199-D4-15,2020-03-16,117.383,117.3089
199-D4-15,2020-04-15,117.2888,117.2062
199-D4-15,2020-05-16,117.412,117.4089
199-D4-15,2020-06-15,117.8364,117.8491
199-D4-15,2020-07-16,118.2979,118.1802
199-D4-15,2020-08-16,118.4382,118.1291
199-D4-15,2020-09-15,117.9956,117.7276
199-D4-15,2020-10-16,117.6398,117.3317
199-D4-15,2020-11-15,117.5168,117.2198
199-D4-15,2020-12-16,117.5881,117.2821
199-D4-17,2015-06-15,,117.7642
199-D4-17,2015-12-16,,117.1946
199-D4-17,2016-06-15,,118.0987
199-D4-17,2017-06-15,,119.3288
199-D4-18,2015-06-15,,117.7984
199-D4-18,2015-12-16,,117.2285
199-D4-18,2016-06-15,,118.1406
199-D4-19,2014-01-31,117.791,117.6581
199-D4-19,2014-03-16,117.495,117.6634
199-D4-19,2014-04-15,117.143,118.1274
199-D4-19,2014-08-16,118.423,118.4219
199-D4-19,2014-10-16,117.598,117.3354
199-D4-19,2015-01-16,118.252,118.0164
199-D4-19,2015-03-16,118.525,118.3846
199-D4-19,2015-04-15,118.295,118.1933
199-D4-19,2015-08-16,117.942,117.7972
199-D4-19,2015-09-15,117.6425,117.5537
199-D4-19,2015-10-16,117.4978,117.2298
199-D4-19,2015-11-15,117.6075,117.3122
199-D4-19,2015-12-16,117.7189,117.4903
199-D4-19,2016-01-16,117.7828,117.5797
199-D4-19,2016-02-15,117.8426,117.682
199-D4-19,2016-03-16,118.044,117.8423
199-D4-19,2016-04-15,118.412,118.2365
199-D4-19,2016-05-16,118.6655,118.4735
199-D4-19,2016-06-15,118.5171,118.3887
199-D4-19,2016-07-16,118.3254,118.2011
199-D4-19,2016-08-16,118.1018,117.9166
199-D4-19,2016-09-15,117.7164,117.534
199-D4-19,2016-10-16,117.6544,117.3354
199-D4-19,2016-11-15,117.8951,117.5398
199-D4-19,2016-12-16,118.076,117.8475
199-D4-19,2017-01-16,118.3262,118.0813
199-D4-19,2017-02-14,118.2374,118.1416
199-D4-19,2017-03-16,118.4476,118.3157
199-D4-19,2017-04-15,119.2412,118.8376
199-D4-19,2017-05-16,119.6279,119.38
199-D4-19,2017-06-15,119.8244,119.5493
199-D4-19,2017-07-16,118.9286,118.977
199-D4-19,2017-08-16,118.2802,118.1452
199-D4-19,2017-09-15,117.899,117.6461
199-D4-19,2017-10-16,117.5415,117.2609
199-D4-19,2017-11-15,117.4969,117.1667
199-D4-19,2017-12-16,117.6931,117.4518
199-D4-19,2018-01-16,118.2327,117.8497
199-D4-19,2018-02-14,118.4826,118.254
199-D4-19,2018-03-16,118.3597,118.2796
199-D4-19,2018-04-15,118.3901,118.2566
199-D4-19,2018-05-16,119.6686,119.1773
199-D4-19,2018-06-15,119.5749,119.5252
199-D4-19,2018-07-16,118.789,118.7597
199-D4-19,2018-08-16,118.3566,118.1445
199-D4-19,2018-09-15,117.8799,117.6085
199-D4-19,2018-10-16,117.5065,117.2194
199-D4-19,2018-11-15,117.695,117.3237
199-D4-19,2018-12-16,117.7578,117.5157
199-D4-19,2019-01-16,117.7374,117.5657
199-D4-19,2019-02-14,117.8376,117.6441
199-D4-19,2019-03-16,117.7651,117.5791
199-D4-19,2019-04-15,117.5168,117.4631
199-D4-19,2019-05-16,118.1315,117.8553
199-D4-19,2019-06-15,118.2966,118.156
199-D4-19,2019-07-16,117.9338,117.8826
199-D4-19,2019-08-16,117.8582,117.6597
199-D4-19,2019-09-15,117.4642,117.2915
199-D4-19,2019-10-16,117.2075,116.9436
199-D4-19,2019-11-15,117.4781,117.1802
199-D4-19,2019-12-16,117.6593,117.4642
199-D4-19,2020-01-16,117.6777,117.4029
199-D4-19,2020-02-14,117.9815,117.4217
199-D4-19,2020-03-16,117.7951,117.2829
199-D4-19,2020-04-15,117.5176,117.0225
199-D4-19,2020-05-16,118.3851,117.6197
199-D4-19,2020-06-15,119.2062,118.4731
199-D4-19,2020-07-16,119.1034,118.5642
199-D4-19,2020-08-16,118.5453,118.0822
199-D4-19,2020-09-15,117.891,117.3775
199-D4-19,2020-10-16,117.5564,116.8641
199-D4-19,2020-11-15,117.778,116.9758
199-D4-19,2020-12-16,117.9111,117.2493
199-D4-20,2014-01-31,,117.8724
199-D4-20,2014-02-14,,117.8405
199-D4-20,2014-03-16,117.579,117.8794
199-D4-20,2014-04-15,117.8858,118.0616
199-D4-20,2014-05-16,118.1831,118.3756
199-D4-20,2014-06-15,118.5521,118.6579
199-D4-20,2014-07-16,118.7029,118.7594
199-D4-20,2014-08-16,118.5567,118.6348
199-D4-20,2014-09-15,118.2423,118.3304
199-D4-20,2014-10-16,117.8994,118.0249
199-D4-20,2014-11-15,117.7779,117.9022
199-D4-20,2014-12-16,117.8846,117.9394
199-D4-20,2015-01-16,118.0512,118.0596
199-D4-20,2015-02-14,118.2203,118.2172
199-D4-20,2015-03-16,118.3459,118.3374
199-D4-20,2015-04-15,118.3161,118.3324
199-D4-20,2015-05-16,118.1593,118.2855
199-D4-20,2015-06-15,118.1587,118.256
199-D4-20,2015-07-16,118.0688,118.1809
199-D4-20,2015-08-16,118.0445,118.1028
199-D4-20,2015-09-15,117.9524,117.9739
199-D4-20,2015-10-16,117.7817,117.7913
199-D4-20,2015-11-15,117.7149,117.7243
199-D4-20,2015-12-16,117.7892,117.7428
199-D4-20,2016-01-16,117.8293,117.786
199-D4-20,2016-02-15,117.8495,117.8432
199-D4-20,2016-03-16,117.956,117.9279
199-D4-20,2016-04-15,118.0842,118.1278
199-D4-20,2016-05-16,118.3971,118.3282
199-D4-20,2016-06-15,118.3865,118.3954
199-D4-20,2016-07-16,118.4118,118.4092
199-D4-20,2016-08-16,118.4228,118.3734
199-D4-20,2016-09-15,118.1458,118.2067
199-D4-20,2016-10-16,118.0548,118.0552
199-D4-20,2016-11-15,118.1183,118.0643
199-D4-20,2016-12-16,118.1788,118.1438
199-D4-20,2017-01-16,118.3621,118.2659
199-D4-20,2017-02-14,118.405,118.3643
199-D4-20,2017-03-16,118.4647,118.4784
199-D4-20,2017-04-15,118.8702,118.7337
199-D4-20,2017-05-16,119.2437,119.0885
199-D4-20,2017-06-15,119.537,119.3098
199-D4-20,2017-07-16,119.2427,119.1953
199-D4-20,2017-08-16,118.8105,118.8476
199-D4-20,2017-09-15,118.4707,118.5072
199-D4-20,2017-10-16,118.1729,118.1873
199-D4-20,2017-11-15,117.9613,117.9902
199-D4-20,2017-12-16,117.9612,117.9904
199-D4-20,2018-01-16,118.085,118.1359
199-D4-20,2018-02-14,118.3171,118.358
199-D4-20,2018-03-16,118.4646,118.4759
199-D4-20,2018-04-15,118.3868,118.5134
199-D4-20,2018-05-16,118.8776,118.9206
199-D4-20,2018-06-15,119.4421,119.2706
199-D4-20,2018-07-16,119.0724,119.1164
199-D4-20,2018-08-16,118.7087,118.7942
199-D4-20,2018-09-15,118.3718,118.4458
199-D4-20,2018-10-16,118.0356,118.1401
199-D4-20,2018-11-15,117.9339,118.0288
199-D4-20,2018-12-16,117.973,118.0213
199-D4-20,2019-01-16,117.9254,118.0264
199-D4-20,2019-02-14,117.925,118.0472
199-D4-20,2019-03-16,117.9235,118.0234
199-D4-20,2019-04-15,117.7701,117.9593
199-D4-20,2019-05-16,117.9115,118.0699
199-D4-20,2019-06-15,118.199,118.2486
199-D4-20,2019-07-16,118.0842,118.2424
199-D4-20,2019-08-16,117.9858,118.1501
199-D4-20,2019-09-15,117.8334,117.9812
199-D4-20,2019-10-16,117.5993,117.7638
199-D4-20,2019-11-15,117.5849,117.7242
199-D4-20,2019-12-16,117.731,117.807
199-D4-20,2020-01-16,117.7487,117.813
199-D4-20,2020-02-14,117.8958,117.8036
199-D4-20,2020-03-16,117.936,117.7541
199-D4-20,2020-04-15,117.7728,117.6447
199-D4-20,2020-05-16,118.01,117.8221
199-D4-20,2020-06-15,118.6173,118.2672
199-D4-20,2020-07-16,118.8311,118.5309
199-D4-20,2020-08-16,118.6975,118.444
199-D4-20,2020-09-15,118.3903,118.1384
199-D4-20,2020-10-16,118.0303,117.7889
199-D4-20,2020-11-15,117.9596,117.662
199-D4-20,2020-12-16,118.082,117.7256
199-D4-21,2014-01-31,,117.3373
199-D4-21,2014-02-14,,117.2471
199-D4-21,2014-03-16,,117.378
199-D4-21,2014-04-15,,117.7777
199-D4-21,2014-05-16,117.8168,118.2842
199-D4-21,2014-06-15,118.0159,118.6109
199-D4-21,2014-07-16,118.0491,118.539
199-D4-21,2014-08-16,117.7263,118.1654
199-D4-21,2014-09-15,117.1677,117.5356
199-D4-21,2014-10-16,116.8177,117.0628
199-D4-21,2014-11-15,116.8582,117.068
199-D4-21,2014-12-16,117.0409,117.3467
199-D4-21,2015-01-16,117.2839,117.6945
199-D4-21,2015-02-14,117.4978,117.9877
199-D4-21,2015-03-16,117.5107,118.0656
199-D4-21,2015-04-15,117.3589,117.8973
199-D4-21,2015-05-16,117.2398,117.7702
199-D4-21,2015-06-15,117.2501,117.7278
199-D4-21,2015-07-16,117.1423,117.5988
199-D4-21,2015-08-16,117.2049,117.5144
199-D4-21,2015-09-15,117.0264,117.3061
199-D4-21,2015-10-16,116.9476,117.0229
199-D4-21,2015-11-15,116.8925,117.0313
199-D4-21,2015-12-16,116.9945,117.154
199-D4-21,2016-01-16,117.1487,117.2655
199-D4-21,2016-02-15,117.0856,117.3652
199-D4-21,2016-03-16,117.2542,117.5028
199-D4-21,2016-04-15,117.532,117.8816
199-D4-21,2016-05-16,117.7621,118.1246
199-D4-21,2016-06-15,117.5681,118.0328
199-D4-21,2016-07-16,117.5402,117.88
199-D4-21,2016-08-16,117.4656,117.6868
199-D4-21,2016-09-15,117.2161,117.3837
199-D4-21,2016-10-16,117.1117,117.1834
199-D4-21,2016-11-15,117.2286,117.3093
199-D4-21,2016-12-16,117.3886,117.5792
199-D4-21,2017-01-16,117.7211,117.8348
199-D4-21,2017-02-14,117.6131,117.9029
199-D4-21,2017-03-16,117.6685,118.0469
199-D4-21,2017-04-15,118.3087,118.5411
199-D4-21,2017-05-16,118.593,119.0814
199-D4-21,2017-06-15,118.8564,119.2568
199-D4-21,2017-07-16,118.3391,118.7497
199-D4-21,2017-08-16,117.8956,118.0137
199-D4-21,2017-09-15,117.5931,117.5644
199-D4-21,2017-10-16,117.1218,117.1635
199-D4-21,2017-11-15,117.0227,117.0108
199-D4-21,2017-12-16,117.2453,117.2487
199-D4-21,2018-01-16,117.4342,117.6102
199-D4-21,2018-02-14,117.7828,117.9966
199-D4-21,2018-03-16,117.6426,118.0365
199-D4-21,2018-04-15,117.6399,118.0159
199-D4-21,2018-05-16,118.4312,118.8626
199-D4-21,2018-06-15,118.7184,119.2204
199-D4-21,2018-07-16,118.1513,118.5454
199-D4-21,2018-08-16,117.7144,117.9272
199-D4-21,2018-09-15,117.2582,117.4017
199-D4-21,2018-10-16,117.0173,117.0542
199-D4-21,2018-11-15,117.1621,117.1261
199-D4-21,2018-12-16,117.2038,117.2738
199-D4-21,2019-01-16,117.1913,117.3241
199-D4-21,2019-02-14,117.2187,117.3846
199-D4-21,2019-03-16,117.1981,117.3036
199-D4-21,2019-04-15,117.0176,117.208
199-D4-21,2019-05-16,117.3904,117.5602
199-D4-21,2019-06-15,117.5618,117.8673
199-D4-21,2019-07-16,117.1927,117.64
199-D4-21,2019-08-16,117.0839,117.4014
199-D4-21,2019-09-15,116.8673,117.1147
199-D4-21,2019-10-16,116.7508,116.7881
199-D4-21,2019-11-15,116.9075,116.9429
199-D4-21,2019-12-16,116.9631,117.2001
199-D4-21,2020-01-16,116.9325,117.1197
199-D4-21,2020-02-14,117.1085,117.0849
199-D4-21,2020-03-16,116.9926,116.9531
199-D4-21,2020-04-15,116.8823,116.7622
199-D4-21,2020-05-16,117.3999,117.2684
199-D4-21,2020-06-15,117.9665,117.9843
199-D4-21,2020-07-16,118.2633,118.1737
199-D4-21,2020-08-16,118.132,117.8167
199-D4-21,2020-09-15,117.2918,117.1316
199-D4-21,2020-10-16,116.9991,116.6371
199-D4-21,2020-12-16,117.2354,116.9006
199-D4-22,2014-01-31,116.921,117.3067
199-D4-22,2014-03-16,116.9495,117.3514
199-D4-22,2014-06-15,117.889,118.5223
199-D4-22,2014-09-15,117.1375,117.5651
199-D4-22,2014-12-16,116.9905,117.3043
199-D4-22,2015-03-16,117.4695,117.9787
199-D4-22,2015-06-15,117.2895,117.6732
199-D4-22,2015-08-16,117.211,117.4728
199-D4-22,2015-09-15,117.13,117.2951
199-D4-22,2015-12-16,116.9605,117.1079
199-D4-22,2016-03-16,117.2855,117.4422
199-D4-22,2016-06-15,117.504,117.9622
199-D4-22,2016-09-15,117.446,117.4591
199-D4-22,2016-11-15,117.155,117.3364
199-D4-22,2016-12-16,117.523,117.5637
199-D4-22,2017-02-14,117.568,117.8971
199-D4-22,2017-03-16,117.735,118.0182
199-D4-22,2017-05-16,118.522,118.9538
199-D4-22,2017-06-15,118.872,119.1456
199-D4-22,2017-09-15,117.688,117.6493
199-D4-22,2017-11-15,116.943,117.0532
199-D4-22,2018-02-14,116.887,117.9671
199-D4-22,2018-03-16,117.719,118.0264
199-D4-22,2018-05-16,118.039,118.7763
199-D4-22,2018-11-15,117.013,117.1293
199-D4-22,2019-03-16,117.23,117.2859
199-D4-22,2019-10-16,116.719,116.834
199-D4-22,2020-03-16,117.08,116.9442
199-D4-22,2020-12-16,117.26,116.911
199-D4-23,2014-01-31,117.2448,117.5156
199-D4-23,2014-02-14,117.0461,117.3402
199-D4-23,2014-03-16,117.6812,117.5288
199-D4-23,2014-04-15,117.8946,118.0833
199-D4-23,2014-05-16,118.5629,118.6486
199-D4-23,2014-06-15,118.6679,118.9532
199-D4-23,2014-07-16,118.5044,118.773
199-D4-23,2014-08-16,117.9276,118.2835
199-D4-23,2014-09-15,117.1391,117.5015
199-D4-23,2014-10-16,116.9319,116.9971
199-D4-23,2014-11-15,117.1081,117.134
199-D4-23,2014-12-16,117.6029,117.5382
199-D4-23,2015-01-16,117.8888,117.9637
199-D4-23,2015-02-14,118.2079,118.3033
199-D4-23,2015-03-16,118.046,118.3511
199-D4-23,2015-04-15,117.8313,118.1
199-D4-23,2015-05-16,117.839,117.9529
199-D4-23,2015-06-15,117.6863,117.9218
199-D4-23,2015-07-16,117.5427,117.7596
199-D4-23,2015-08-16,117.679,117.6746
199-D4-23,2015-09-15,117.1853,117.3933
199-D4-23,2015-10-16,117.0762,117.0346
199-D4-23,2015-11-15,117.3384,117.1525
199-D4-23,2015-12-16,117.3545,117.3623
199-D4-23,2016-01-16,117.4804,117.4723
199-D4-23,2016-02-15,117.5076,117.588
199-D4-23,2016-03-16,117.7343,117.7628
199-D4-23,2016-04-15,118.3184,118.2188
199-D4-23,2016-05-16,118.3497,118.4558
199-D4-23,2016-06-15,118.0926,118.2819
199-D4-23,2016-07-16,117.8975,118.0481
199-D4-23,2016-08-16,117.698,117.7509
199-D4-23,2016-09-15,117.26,117.3355
199-D4-23,2016-10-16,117.3694,117.1383
199-D4-23,2016-11-15,117.6572,117.4082
199-D4-23,2016-12-16,117.8569,117.7836
199-D4-23,2017-01-16,118.1553,118.0538
199-D4-23,2017-02-14,117.9796,118.089
199-D4-23,2017-03-16,118.2585,118.2606
199-D4-23,2017-04-15,119.0739,118.8579
199-D4-23,2017-05-16,119.4412,119.4565
199-D4-23,2017-06-15,119.43,119.5979
199-D4-23,2017-07-16,118.3684,118.8798
199-D4-23,2017-08-16,117.7782,117.9346
199-D4-23,2017-09-15,117.4634,117.4349
199-D4-23,2017-10-16,117.0389,117.0495
199-D4-23,2017-11-15,117.1214,116.978
199-D4-23,2017-12-16,117.4998,117.3467
199-D4-23,2018-01-16,117.8211,117.8094
199-D4-23,2018-02-14,118.2808,118.2503
199-D4-23,2018-03-16,117.9361,118.2267
199-D4-23,2018-04-15,118.0877,118.1828
199-D4-23,2018-05-16,119.681,119.273
199-D4-23,2018-06-15,119.1142,119.5919
199-D4-23,2018-07-16,118.252,118.6248
199-D4-23,2018-08-16,117.7815,117.9221
199-D4-23,2018-09-15,117.1724,117.3229
199-D4-23,2018-10-16,116.9609,116.9423
199-D4-23,2018-11-15,117.3665,117.1383
199-D4-23,2018-12-16,117.337,117.3754
199-D4-23,2019-01-16,117.3596,117.4294
199-D4-23,2019-02-14,117.4276,117.4944
199-D4-23,2019-03-16,117.3252,117.3697
199-D4-23,2019-04-15,117.1522,117.2472
199-D4-23,2019-05-16,117.9673,117.7528
199-D4-23,2019-06-15,117.9027,118.096
199-D4-23,2019-07-16,117.4607,117.7458
199-D4-23,2019-08-16,117.4102,117.4976
199-D4-23,2019-09-15,116.8869,117.1071
199-D4-23,2019-10-16,116.7834,116.7424
199-D4-23,2019-11-15,117.248,117.0533
199-D4-23,2019-12-16,117.296,117.3763
199-D4-23,2020-01-16,117.3636,117.2496
199-D4-23,2020-02-14,117.6564,117.2415
199-D4-23,2020-03-16,117.2574,117.0676
199-D4-23,2020-04-15,117.1198,116.7851
199-D4-23,2020-05-16,118.3125,117.5027
199-D4-23,2020-06-15,118.9528,118.4155
199-D4-23,2020-07-16,118.6673,118.3941
199-D4-23,2020-08-16,118.1683,117.8109
199-D4-23,2020-09-15,117.2841,117.0615
199-D4-23,2020-10-16,117.0796,116.5544
199-D4-23,2020-11-15,117.5081,116.7364
199-D4-23,2020-12-16,117.5274,117.0234
199-D4-25,2014-03-16,117.338,117.4281
199-D4-25,2014-07-16,118.34,118.6004
199-D4-25,2014-09-15,117.38,117.6551
199-D4-25,2014-12-16,117.339,117.3911
199-D4-25,2015-02-14,117.861,118.0163
199-D4-25,2015-06-15,117.583,117.7908
199-D4-25,2015-08-16,117.545,117.5824
199-D4-25,2015-12-16,117.257,117.2249
199-D4-25,2016-03-16,117.535,117.5732
199-D4-25,2016-06-15,117.89,118.1189
199-D4-25,2016-11-15,117.538,117.4192
199-D4-25,2017-11-15,,117.1208
199-D4-25,2018-11-15,,117.196
199-D4-26,2014-01-31,117.202,117.3968
199-D4-26,2014-04-15,117.515,117.8158
199-D4-26,2014-10-16,117.089,117.1398
199-D4-26,2015-01-16,117.543,117.7237
199-D4-26,2015-04-15,117.816,117.9538
199-D4-26,2015-07-16,117.4,117.6519
199-D4-26,2015-10-16,117.13,117.0812
199-D4-26,2016-01-16,117.277,117.3233
199-D4-26,2016-04-15,118.125,117.9476
199-D4-26,2016-07-16,117.795,117.9499
199-D4-27,2014-12-16,,117.3606
199-D4-27,2015-12-16,,117.1917
199-D4-27,2018-11-15,,117.1631
199-D4-27,2019-12-16,,117.2555
199-D4-31,2014-12-16,,117.3074
199-D4-31,2015-12-16,,117.1284
199-D4-31,2017-11-15,,117.0153
199-D4-32,2014-12-16,,117.3409
199-D4-32,2015-12-16,,117.1417
199-D4-32,2018-10-16,,117.0666
199-D4-36,2014-12-16,,117.36
199-D4-36,2015-12-16,,117.1517
199-D4-36,2016-12-16,,117.5512
199-D4-4,2014-12-16,,117.3716
199-D4-4,2015-12-16,,117.189
199-D4-5,2014-11-15,,117.0654
199-D4-5,2016-10-16,,117.2008
199-D4-5,2017-11-15,,117.003
199-D4-5,2018-10-16,,117.0201
199-D4-55,2015-11-15,,117.2059
199-D4-55,2016-01-16,,117.4461
199-D4-55,2016-04-15,,118.0747
199-D4-55,2016-07-16,,118.0768
199-D4-6,2014-01-31,117.118,117.4021
199-D4-6,2014-06-15,118.249,118.7455
199-D4-6,2014-12-16,117.23,117.4064
199-D4-6,2015-06-15,117.54,117.7983
199-D4-6,2015-10-16,116.989,117.0296
199-D4-6,2015-12-16,117.177,117.2295
199-D4-6,2016-06-15,117.708,118.1376
199-D4-6,2016-10-16,117.272,117.1689
199-D4-6,2016-12-16,117.619,117.6568
199-D4-6,2017-06-15,,119.3865
199-D4-62,2014-03-16,117.594,117.605
199-D4-62,2014-06-15,118.561,118.8419
199-D4-62,2014-09-15,117.733,117.7868
199-D4-62,2014-12-16,117.401,117.6056
199-D4-62,2015-02-14,118.314,118.2181
199-D4-62,2015-06-15,117.93,117.979
199-D4-62,2015-08-16,117.871,117.7576
199-D4-62,2015-12-16,,117.4297
199-D4-62,2016-03-16,117.829,117.771
199-D4-62,2016-06-15,118.297,118.3251
199-D4-62,2016-12-16,117.832,117.7956
199-D4-65,2015-11-15,117.408,117.2741
199-D4-65,2016-01-16,117.651,117.5331
199-D4-65,2016-04-15,118.098,118.1825
199-D4-65,2016-07-16,118.153,118.1659
199-D4-7,2014-01-31,117.012,117.3374
199-D4-7,2014-03-16,116.812,117.3738
199-D4-7,2014-06-15,118.098,118.6126
199-D4-7,2014-09-15,116.926,117.5411
199-D4-7,2014-12-16,117.097,117.3339
199-D4-7,2015-03-16,117.589,118.0568
199-D4-7,2015-06-15,117.409,117.716
199-D4-7,2015-09-15,117.082,117.3051
199-D4-7,2015-12-16,117.116,117.1494
199-D4-7,2016-03-16,117.446,117.5045
199-D4-7,2016-06-15,117.749,118.034
199-D4-7,2016-09-15,117.374,117.4143
199-D4-7,2016-12-16,117.599,117.5948
199-D4-7,2017-03-16,117.783,118.0617
199-D4-7,2017-06-15,119.057,119.2443
199-D4-7,2017-09-15,117.692,117.586
199-D4-7,2018-03-16,117.796,118.0598
199-D4-7,2019-03-16,117.308,117.2951
199-D4-77,2015-11-15,117.697,117.3768
199-D4-77,2016-04-15,118.344,118.3199
199-D4-77,2016-07-16,118.374,118.2475
199-D4-77,2017-11-15,,117.2205
199-D4-78,2014-11-15,,117.4494
199-D4-78,2015-10-16,,117.2943
199-D4-78,2019-12-16,,117.5522
199-D4-86,2014-01-31,118.0019,117.7338
199-D4-86,2014-02-14,117.8015,117.543
199-D4-86,2014-03-16,118.0946,117.7372
199-D4-86,2014-04-15,118.543,118.3026
199-D4-86,2014-05-16,119.145,118.8486
199-D4-86,2014-06-15,119.3072,119.1358
199-D4-86,2014-07-16,119.162,118.945
199-D4-86,2014-08-16,118.6635,118.4475
199-D4-86,2014-09-15,117.9744,117.6642
199-D4-86,2014-10-16,117.6534,117.1975
199-D4-86,2014-11-15,117.8345,117.3803
199-D4-86,2014-12-16,118.0651,117.7781
199-D4-86,2015-01-16,118.4011,118.173
199-D4-86,2015-02-14,118.7051,118.4978
199-D4-86,2015-03-16,118.6515,118.5452
199-D4-86,2015-04-15,118.4433,118.2922
199-D4-86,2015-05-16,118.2597,118.1531
199-D4-86,2015-06-15,118.2692,118.1341
199-D4-86,2015-07-16,118.1274,117.9651
199-D4-86,2015-08-16,118.183,117.876
199-D4-86,2015-09-15,117.8225,117.5817
199-D4-86,2015-10-16,117.6255,117.2246
199-D4-86,2015-11-15,117.7554,117.3776
199-D4-86,2015-12-16,117.8599,117.5955
199-D4-86,2016-01-16,117.9337,117.6884
199-D4-86,2016-02-15,117.9967,117.7988
199-D4-86,2016-03-16,118.2018,117.9762
199-D4-86,2016-04-15,118.5931,118.4138
199-D4-86,2016-05-16,118.7787,118.6332
199-D4-86,2016-06-15,118.6106,118.475
199-D4-86,2016-07-16,118.4241,118.2476
199-D4-86,2016-08-16,118.1895,117.9343
199-D4-86,2016-09-15,117.7553,117.4813
199-D4-86,2016-10-16,117.6833,117.273
199-D4-86,2016-11-15,118.0132,117.5834
199-D4-86,2016-12-16,118.2173,117.9713
199-D4-86,2017-01-16,118.4534,118.2132
199-D4-86,2017-02-14,118.3517,118.2441
199-D4-86,2017-03-16,118.6131,118.4379
199-D4-86,2017-04-15,119.3923,119.0413
199-D4-86,2017-05-16,119.8062,119.6248
199-D4-86,2017-06-15,119.9185,119.7585
199-D4-86,2017-07-16,118.9793,119.0289
199-D4-86,2017-08-16,118.3684,118.0743
199-D4-86,2017-09-15,118.0059,117.5778
199-D4-86,2017-10-16,117.6535,117.2055
199-D4-86,2017-11-15,117.6553,117.1682
199-D4-86,2017-12-16,117.9211,117.546
199-D4-86,2018-01-16,118.2398,117.9964
199-D4-86,2018-02-14,118.6462,118.4258
199-D4-86,2018-03-16,118.51,118.3964
199-D4-86,2018-04-15,118.5692,118.3652
199-D4-86,2018-05-16,119.9325,119.4537
199-D4-86,2018-06-15,119.6119,119.742
199-D4-86,2018-07-16,118.8519,118.7706
199-D4-86,2018-08-16,118.42,118.1025
199-D4-86,2018-09-15,117.9181,117.5157
199-D4-86,2018-10-16,117.6159,117.1421
199-D4-86,2018-11-15,117.8558,117.3597
199-D4-86,2018-12-16,117.8807,117.5961
199-D4-86,2019-01-16,117.8866,117.6395
199-D4-86,2019-02-14,117.9072,117.6924
199-D4-86,2019-03-16,117.7647,117.5408
199-D4-86,2019-04-15,117.5865,117.4114
199-D4-86,2019-05-16,118.2938,117.9434
199-D4-86,2019-06-15,118.3997,118.2885
199-D4-86,2019-07-16,118.0444,117.927
199-D4-86,2019-08-16,117.9972,117.6956
199-D4-86,2019-09-15,117.5667,117.2762
199-D4-86,2019-10-16,117.3213,116.8964
199-D4-86,2019-11-15,117.6539,117.2463
199-D4-86,2019-12-16,117.8598,117.574
199-D4-86,2020-01-16,117.7332,117.4796
199-D4-86,2020-02-14,118.2244,117.5331
199-D4-86,2020-03-16,117.9208,117.3638
199-D4-86,2020-04-15,117.6771,117.0639
199-D4-86,2020-05-16,118.6683,117.8221
199-D4-86,2020-06-15,119.399,118.7685
199-D4-86,2020-07-16,119.126,118.687
199-D4-86,2020-08-16,118.5671,118.0553
199-D4-86,2020-09-15,117.9727,117.3042
199-D4-86,2020-10-16,117.6786,116.8096
199-D4-86,2020-11-15,117.9596,117.0412
199-D4-86,2020-12-16,118.0493,117.3526
199-D4-92,2014-01-31,117.2,117.3974
199-D4-92,2014-04-15,117.511,117.8101
199-D4-92,2014-07-16,118.335,118.5946
199-D4-92,2014-10-16,117.11,117.1485
199-D4-92,2015-01-16,117.495,117.7197
199-D4-92,2015-04-15,117.8,117.9563
199-D4-92,2015-07-16,117.393,117.6534
199-D4-92,2015-10-16,117.157,117.0869
199-D4-92,2016-01-16,117.266,117.323
199-D4-92,2016-04-15,118.101,117.9384
199-D4-92,2016-07-16,117.757,117.9546
199-D4-93,2014-07-16,118.352,118.6005
199-D4-93,2014-10-16,117.07,117.1315
199-D4-93,2015-01-16,117.256,117.7271
199-D4-93,2015-04-15,117.774,117.9598
199-D4-93,2015-07-16,117.327,117.6528
199-D4-93,2015-10-16,117.125,117.0757
199-D4-93,2016-01-16,117.268,117.324
199-D4-93,2016-04-15,118.138,117.951
199-D4-93,2016-07-16,117.761,117.9541
199-D5-107,2015-01-16,,118.1411
199-D5-107,2015-10-16,,117.9543
199-D5-108,2014-10-16,,118.366
199-D5-108,2015-10-16,,118.1347
199-D5-109,2014-10-16,,118.1674
199-D5-110,2014-10-16,,118.2155
199-D5-110,2015-10-16,,117.9738
199-D5-114,2014-10-16,,118.3554
199-D5-114,2015-10-16,,118.1236
199-D5-115,2014-10-16,,118.3705
199-D5-115,2015-10-16,,118.1395
199-D5-147,2015-08-16,,117.9728
199-D5-147,2015-11-15,,117.5559
199-D5-147,2016-02-15,,117.6249
199-D5-147,2016-05-16,,118.0682
199-D5-40,2014-01-31,117.736,118.0254
199-D5-40,2014-02-14,117.731,118.0235
199-D5-40,2014-03-16,117.6515,118.0491
199-D5-40,2014-06-15,118.4135,118.6076
199-D5-40,2014-08-16,118.637,118.7253
199-D5-40,2014-09-15,118.39,118.5426
199-D5-40,2014-11-15,117.883,118.2012
199-D5-40,2014-12-16,117.936,118.1929
199-D5-40,2015-02-14,118.133,118.3361
199-D5-40,2015-03-16,118.346,118.4395
199-D5-40,2015-07-16,118.2205,118.4036
199-D5-40,2015-08-16,118.179,118.3316
199-D5-40,2015-09-15,118.066,118.2233
199-D5-40,2015-10-16,117.896,118.079
199-D5-40,2015-12-16,117.924,117.9655
199-D5-40,2016-02-15,117.962,118.0087
199-D5-40,2016-03-16,117.994,118.059
199-D5-40,2016-05-16,118.431,118.3449
199-D5-40,2016-06-15,118.453,118.4324
199-D5-40,2016-09-15,118.41,118.5521
199-D5-40,2016-11-15,,118.4319
199-D5-40,2016-12-16,118.364,118.4259
199-D5-40,2017-03-16,118.607,118.6667
199-D5-40,2017-06-15,119.496,119.2762
199-D5-40,2017-09-15,118.659,118.8208
199-D5-40,2017-11-15,118.184,118.37
199-D5-40,2018-03-16,118.508,118.5946
199-D5-40,2018-07-16,119.242,119.1591
199-D5-40,2018-10-16,118.403,118.4799
199-D5-40,2018-11-15,118.11,118.349
199-D5-40,2019-03-16,118.036,118.204
199-D5-40,2019-10-16,117.715,118.0565
199-D5-40,2020-03-16,118.0,117.9502
199-D5-40,2020-12-16,118.27,118.0213
9-199-D4-101,2020-11-15,,117.1245
9-199-D4-12,2016-12-16,,117.5874
9-199-D4-24,2017-11-15,,117.1141
9-199-D4-29,2018-01-16,,117.6498
9-199-D4-50,2018-01-16,,117.7139
9-199-D4-50,2020-12-16,,117.0605
9-199-D4-54,2017-11-15,,117.1618
9-199-D4-56,2016-12-16,,117.7536
9-199-D4-56,2019-12-16,,117.3709
9-199-D4-60,2017-11-15,,117.1836
9-199-D4-66,2017-11-15,,117.1689
9-199-D4-68,2016-12-16,,117.825
9-199-D4-68,2019-12-16,,117.4419
9-199-D4-73,2016-12-16,,117.8734
9-199-D4-79,2016-12-16,,117.9379
9-199-D4-82,2017-11-15,,117.2605
9-199-D4-82,2020-12-16,,117.3748
9-199-D4-9,2016-12-16,,117.5921
199-D2-11,2014-01-31,118.3869,118.6041
199-D2-11,2014-02-14,118.3003,118.6162
199-D2-11,2014-03-16,118.2103,118.6256
199-D2-11,2014-04-15,118.2904,118.6651
199-D2-11,2014-05-16,118.414,118.7887
199-D2-11,2014-06-15,119.0412,119.1091
199-D2-11,2014-07-16,119.3639,119.4755
199-D2-11,2014-08-16,119.4807,119.5727
199-D2-11,2014-09-15,119.3085,119.4939
199-D2-11,2014-10-16,119.2492,119.3816
199-D2-11,2014-11-15,119.1896,119.3427
199-D2-11,2014-12-16,119.1525,119.2875
199-D2-11,2015-01-16,119.2097,119.238
199-D2-11,2015-02-14,119.3483,119.2993
199-D2-11,2015-03-16,119.4856,119.4105
199-D2-11,2015-04-15,119.5073,119.4791
199-D2-11,2015-05-16,119.4981,119.5162
199-D2-11,2015-06-15,119.4637,119.5217
199-D2-11,2015-07-16,119.4381,119.4932
199-D2-11,2015-08-16,119.3998,119.4472
199-D2-11,2015-09-15,119.3535,119.3832
199-D2-11,2015-10-16,119.2884,119.3154
199-D2-11,2015-11-15,119.2484,119.2526
199-D2-11,2015-12-16,119.2488,119.2035
199-D2-11,2016-01-16,119.2345,119.1958
199-D2-11,2016-02-15,119.2551,119.2033
199-D2-11,2016-03-16,119.2796,119.2166
199-D2-11,2016-04-15,119.2281,119.2415
199-D2-11,2016-05-16,119.3897,119.3377
199-D2-11,2016-06-15,119.4895,119.4523
199-D2-11,2016-07-16,119.48,119.5213
199-D2-11,2016-08-16,119.4876,119.5474
199-D2-11,2016-09-15,119.388,119.4662
199-D2-11,2016-10-16,119.203,119.3205
199-D2-11,2016-11-15,119.2517,119.2523
199-D2-11,2016-12-16,119.3654,119.2888
199-D2-11,2017-01-16,119.4103,119.3615
199-D2-11,2017-02-14,119.471,119.4526
199-D2-11,2017-03-16,119.551,119.5157
199-D2-11,2017-04-15,119.5886,119.5834
199-D2-11,2017-05-16,119.7766,119.6991
199-D2-11,2017-06-15,119.89,119.8186
199-D2-11,2017-07-16,119.9459,119.8967
199-D2-11,2017-08-16,119.7882,119.8465
199-D2-11,2017-09-15,119.5758,119.6878
199-D2-11,2017-10-16,119.4613,119.5044
199-D2-11,2017-11-15,119.3185,119.3624
199-D2-11,2017-12-16,119.2023,119.2823
199-D2-11,2018-01-16,119.2226,119.2876
199-D2-11,2018-02-14,119.2045,119.3018
199-D2-11,2018-03-16,119.2381,119.285
199-D2-11,2018-04-15,119.1727,119.2691
199-D2-11,2018-05-16,119.3276,119.3815
199-D2-11,2018-06-15,119.6768,119.5921
199-D2-11,2018-07-16,119.6945,119.6959
199-D2-11,2018-08-16,119.5684,119.6518
199-D2-11,2018-09-15,119.4071,119.5164
199-D2-11,2018-10-16,119.2154,119.3556
199-D2-11,2018-11-15,119.0834,119.2204
199-D2-11,2018-12-16,119.027,119.1089
199-D2-11,2019-01-16,118.9806,119.0521
199-D2-11,2019-02-14,118.9145,119.0092
199-D2-11,2019-03-16,118.8433,118.9473
199-D2-11,2019-04-15,118.7881,118.8918
199-D2-11,2019-05-16,118.821,118.9056
199-D2-11,2019-06-15,118.9616,118.9912
199-D2-11,2019-07-16,119.0371,119.0714
199-D2-11,2019-08-16,119.0146,119.0912
199-D2-11,2019-09-15,118.944,119.0451
199-D2-11,2019-10-16,118.7965,118.9352
199-D2-11,2019-11-15,118.7604,118.8461
199-D2-11,2019-12-16,118.8151,118.826
199-D2-11,2020-01-16,118.7873,118.8094
199-D2-11,2020-02-14,118.8026,118.7874
199-D2-11,2020-03-16,118.8922,118.7903
199-D2-11,2020-04-15,118.922,118.7969
199-D2-11,2020-05-16,118.9551,118.8442
199-D2-11,2020-06-15,119.0445,118.984
199-D2-11,2020-07-16,119.0147,119.0171
199-D2-11,2020-08-16,119.0365,119.0036
199-D2-11,2020-09-15,119.2313,119.0582
199-D2-11,2020-10-16,119.0601,118.9793
199-D2-11,2020-11-15,118.9927,118.8843
199-D2-11,2020-12-16,118.9751,118.8679
199-D4-48,2014-12-16,,117.523
199-D4-48,2015-12-16,,117.3161
199-D4-48,2018-10-16,,117.1517
199-D4-48,2020-12-16,,116.9943
199-D5-103,2014-01-31,,118.5179
199-D5-103,2014-02-14,118.5206,118.4425
199-D5-103,2014-03-16,118.6675,118.4802
199-D5-103,2014-04-15,118.8743,118.6796
199-D5-103,2014-05-16,118.9973,118.8839
199-D5-103,2014-06-15,119.1106,119.0649
199-D5-103,2014-07-16,119.2266,119.1864
199-D5-103,2014-08-16,119.2861,119.1917
199-D5-103,2014-09-15,119.1393,119.0682
199-D5-103,2014-10-16,119.128,118.9128
199-D5-103,2014-11-15,119.1692,118.8509
199-D5-103,2014-12-16,119.1346,118.8437
199-D5-103,2015-01-16,119.1416,118.8683
199-D5-103,2015-02-14,119.2362,118.9346
199-D5-103,2015-03-16,119.3326,119.0039
199-D5-103,2015-04-15,119.3642,119.0389
199-D5-103,2015-05-16,119.3615,119.047
199-D5-103,2015-06-15,119.2953,119.0328
199-D5-103,2015-07-16,119.2819,118.9895
199-D5-103,2015-08-16,119.2247,118.9243
199-D5-103,2015-09-15,119.1812,118.8259
199-D5-103,2015-10-16,119.1046,118.6981
199-D5-103,2015-11-15,119.0045,118.598
199-D5-103,2015-12-16,118.9824,118.5415
199-D5-103,2016-01-16,118.9692,118.5279
199-D5-103,2016-02-15,118.9906,118.5391
199-D5-103,2016-03-16,119.0587,118.5812
199-D5-103,2016-04-15,119.0293,118.6672
199-D5-103,2016-05-16,119.2016,118.7912
199-D5-103,2016-06-15,119.298,118.8837
199-D5-103,2016-07-16,119.2992,118.9221
199-D5-103,2016-08-16,119.2803,118.9189
199-D5-103,2016-09-15,119.2191,118.8456
199-D5-103,2016-10-16,119.0236,118.7198
199-D5-103,2016-11-15,119.0094,118.651
199-D5-103,2016-12-16,119.1249,118.6815
199-D5-103,2017-01-16,119.2135,118.7621
199-D5-103,2017-02-14,119.2865,118.8406
199-D5-103,2017-03-16,119.3415,118.9191
199-D5-103,2017-04-15,119.4452,119.0475
199-D5-103,2017-05-16,119.5417,119.234
199-D5-103,2017-06-15,119.6991,119.4034
199-D5-103,2017-07-16,119.8271,119.4482
199-D5-103,2017-08-16,119.7192,119.337
199-D5-103,2017-09-15,119.4855,119.1542
199-D5-103,2017-10-16,119.321,118.9438
199-D5-103,2017-11-15,119.216,118.7804
199-D5-103,2017-12-16,119.1214,118.7163
199-D5-103,2018-01-16,119.116,118.7373
199-D5-103,2018-02-14,119.1631,118.81
199-D5-103,2018-03-16,119.2486,118.8766
199-D5-103,2018-04-15,119.225,118.9079
199-D5-103,2018-05-16,119.3122,119.079
199-D5-103,2018-06-15,119.5232,119.2782
199-D5-103,2018-07-16,119.5988,119.295
199-D5-103,2018-08-16,119.5015,119.1805
199-D5-106,2014-01-31,,118.4235
199-D5-106,2014-02-14,118.484,118.3423
199-D5-106,2014-03-16,118.7263,118.3926
199-D5-106,2014-04-15,119.015,118.6153
199-D5-106,2014-05-16,119.1505,118.8365
199-D5-106,2014-06-15,119.227,119.026
199-D5-106,2014-07-16,119.3103,119.1334
199-D5-106,2014-08-16,119.3423,119.1151
199-D5-106,2014-09-15,119.178,118.9683
199-D5-106,2014-10-16,119.1702,118.7917
199-D5-106,2014-11-15,119.2492,118.7181
199-D5-106,2014-12-16,119.2108,118.7155
199-D5-106,2015-01-16,119.2495,118.7572
199-D5-106,2015-02-14,119.3051,118.8297
199-D5-106,2015-03-16,119.3736,118.8918
199-D5-106,2015-04-15,119.4029,118.9155
199-D5-106,2015-05-16,119.3983,118.9114
199-D5-106,2015-06-15,119.3173,118.8914
199-D5-106,2015-07-16,119.3134,118.8387
199-D5-106,2015-08-16,119.2564,118.7619
199-D5-106,2015-09-15,119.2151,118.6448
199-D5-106,2015-10-16,119.1327,118.4903
199-D5-106,2015-11-15,119.0231,118.3837
199-D5-106,2015-12-16,118.9975,118.3374
199-D5-106,2016-01-16,118.9874,118.3317
199-D5-106,2016-02-15,119.0143,118.3437
199-D5-106,2016-03-16,119.0937,118.3818
199-D5-106,2016-04-15,119.0572,118.4764
199-D5-106,2016-05-16,119.2597,118.61
199-D5-106,2016-06-15,119.3408,118.6758
199-D5-106,2016-07-16,119.326,118.6815
199-D5-106,2016-08-16,119.3051,118.6645
199-D5-106,2016-09-15,119.2182,118.5798
199-D5-106,2016-10-16,119.0024,118.453
199-D5-106,2016-11-15,119.0228,118.3939
199-D5-106,2016-12-16,119.1454,118.4374
199-D5-106,2017-01-16,119.2345,118.5351
199-D5-106,2017-02-14,119.3109,118.6188
199-D5-106,2017-03-16,119.3602,118.6998
199-D5-106,2017-04-15,119.4733,118.8481
199-D5-106,2017-05-16,119.5478,119.0612
199-D5-106,2017-06-15,119.7153,119.2476
199-D5-106,2017-07-16,119.8416,119.2735
199-D5-106,2017-08-16,119.7103,119.1251
199-D5-106,2017-09-15,119.4706,118.9203
199-D5-106,2017-10-16,119.3201,118.693
199-D5-106,2017-11-15,119.2075,118.523
199-D5-106,2017-12-16,119.2056,118.4673
199-D5-106,2018-01-16,119.1585,118.504
199-D5-106,2018-02-14,119.2309,118.5977
199-D5-106,2018-03-16,119.313,118.6753
199-D5-106,2018-04-15,119.3051,118.7184
199-D5-106,2018-05-16,119.4223,118.9182
199-D5-106,2018-06-15,119.5858,119.1177
199-D5-106,2018-07-16,119.6252,119.0978
199-D5-106,2018-08-16,119.4978,118.9464
199-D5-106,2018-09-15,119.3137,118.726
199-D5-106,2018-10-16,119.0181,118.4692
199-D5-106,2018-11-15,118.8321,118.2946
199-D5-106,2018-12-16,118.7513,118.2005
199-D5-106,2019-01-16,118.69,118.1533
199-D5-106,2019-02-14,118.607,118.1215
199-D5-106,2019-03-16,118.5274,118.0656
199-D5-106,2019-04-15,118.5161,118.0224
199-D5-106,2019-05-16,118.581,118.0835
199-D5-106,2019-06-15,118.721,118.1995
199-D5-106,2019-07-16,118.7604,118.234
199-D5-106,2019-08-16,118.7048,118.1925
199-D5-106,2019-09-15,118.6284,118.1055
199-D5-106,2019-10-16,118.4998,117.9753
199-D5-106,2019-11-15,118.4867,117.9131
199-D5-106,2019-12-16,118.5404,117.9268
199-D5-106,2020-01-16,118.5737,117.9192
199-D5-106,2020-02-14,118.5875,117.8964
199-D5-106,2020-03-16,118.68,117.8782
199-D5-106,2020-04-15,118.7732,117.8614
199-D5-106,2020-05-16,118.8364,117.9484
199-D5-106,2020-06-15,118.8565,118.1624
199-D5-106,2020-07-16,118.8514,118.3641
199-D5-106,2020-08-16,118.7997,118.4074
199-D5-106,2020-09-15,119.0751,118.2748
199-D5-106,2020-10-16,118.892,118.0641
199-D5-106,2020-11-15,118.8449,117.9537
199-D5-106,2020-12-16,118.817,117.935
199-D5-123,2014-03-16,118.575,118.7227
199-D5-123,2014-06-15,118.949,119.2034
199-D5-123,2014-09-15,118.918,119.2521
199-D5-123,2014-12-16,118.812,119.1108
199-D5-123,2015-02-14,118.893,119.149
199-D5-123,2015-05-16,118.889,119.226
199-D5-123,2015-08-16,118.79,119.1495
199-D5-123,2015-12-16,118.549,118.8513
199-D5-123,2016-03-16,118.62,118.8619
199-D5-123,2016-06-15,118.872,119.1107
199-D5-123,2016-12-16,118.684,118.9621
199-D5-123,2017-12-16,118.773,119.0542
199-D5-123,2018-12-16,118.555,118.9109
199-D5-123,2019-12-16,118.316,118.6069
199-D5-123,2020-12-16,118.56,118.617
199-D5-132,2014-02-14,118.578,118.7628
199-D5-132,2014-06-15,118.941,119.2359
199-D5-132,2014-08-16,119.025,119.3609
199-D5-132,2014-11-15,,119.1881
199-D5-132,2015-02-14,118.907,119.204
199-D5-132,2015-05-16,118.968,119.2925
199-D5-132,2015-08-16,118.85,119.2292
199-D5-132,2015-11-15,118.661,119.0287
199-D5-132,2016-02-15,118.643,118.9318
199-D5-132,2016-05-16,118.878,119.0991
199-D5-132,2016-11-15,118.695,119.0512
199-D5-132,2017-02-14,118.904,119.1545
199-D5-132,2017-05-16,119.182,119.411
199-D5-132,2017-11-15,118.844,119.2075
199-D5-132,2018-02-14,118.89,119.1759
199-D5-132,2018-05-16,119.058,119.3551
199-D5-132,2018-10-16,118.769,119.2757
199-D5-132,2019-02-14,118.515,118.9069
199-D5-132,2019-05-16,118.486,118.8062
199-D5-132,2019-11-15,118.369,118.751
199-D5-132,2020-02-14,118.41,118.6923
199-D5-132,2020-11-15,118.63,118.7822
199-D5-133,2014-01-31,119.074,119.1589
199-D5-133,2014-02-14,,118.9192
199-D5-133,2014-03-16,119.082,119.05
199-D5-133,2014-04-15,119.3233,119.4886
199-D5-133,2014-05-16,119.427,119.6539
199-D5-133,2014-06-15,119.4915,119.7625
199-D5-133,2014-07-16,119.553,119.8399
199-D5-133,2014-08-16,119.5895,119.8379
199-D5-133,2014-09-15,119.363,119.7079
199-D5-133,2014-10-16,119.4,119.6039
199-D5-133,2014-11-15,119.59,119.6671
199-D5-133,2014-12-16,119.4739,119.6942
199-D5-133,2015-01-16,119.608,119.7045
199-D5-133,2015-02-14,119.6825,119.7972
199-D5-133,2015-03-16,119.7384,119.8607
199-D5-133,2015-04-15,119.7601,119.8961
199-D5-133,2015-05-16,119.773,119.9239
199-D5-133,2015-06-15,119.6423,119.8979
199-D5-133,2015-07-16,119.6716,119.8678
199-D5-133,2015-08-16,119.6301,119.8481
199-D5-133,2015-09-15,119.5967,119.7963
199-D5-133,2015-10-16,119.5178,119.7192
199-D5-133,2015-11-15,119.4069,119.6125
199-D5-133,2015-12-16,119.3842,119.5338
199-D5-133,2016-01-16,119.3201,119.5063
199-D5-133,2016-02-15,119.3586,119.5159
199-D5-133,2016-03-16,119.4609,119.5894
199-D5-133,2016-04-15,119.4097,119.6372
199-D5-133,2016-05-16,119.6322,119.7442
199-D5-133,2016-06-15,119.7373,119.8866
199-D5-133,2016-07-16,119.6864,119.9166
199-D5-133,2016-08-16,119.6676,119.9084
199-D5-133,2016-09-15,119.5424,119.8295
199-D5-133,2016-10-16,119.2855,119.6388
199-D5-133,2016-11-15,119.3772,119.5748
199-D5-133,2016-12-16,119.5136,119.6673
199-D5-133,2017-01-16,119.5911,119.7312
199-D5-133,2017-02-14,119.6983,119.7985
199-D5-133,2017-03-16,119.7584,119.8819
199-D5-133,2017-04-15,119.862,119.9795
199-D5-133,2017-05-16,119.9107,120.0604
199-D5-133,2017-06-15,120.0067,120.139
199-D5-133,2017-07-16,120.1609,120.2159
199-D5-133,2017-08-16,120.0312,120.1601
199-D5-133,2017-09-15,119.7509,119.9799
199-D5-133,2017-10-16,119.6305,119.8137
199-D5-133,2017-11-15,119.5227,119.7105
199-D5-133,2017-12-16,119.5641,119.6959
199-D5-133,2018-01-16,119.5048,119.6999
199-D5-133,2018-02-14,119.593,119.7157
199-D5-133,2018-03-16,119.671,119.7826
199-D5-133,2018-04-15,119.6379,119.7929
199-D5-133,2018-05-16,119.8123,119.9287
199-D5-133,2018-06-15,119.9961,120.1064
199-D5-133,2018-07-16,119.9704,120.1357
199-D5-133,2018-08-16,119.8291,120.0643
199-D5-133,2018-09-15,119.6357,119.9097
199-D5-133,2018-10-16,119.444,119.7125
199-D5-133,2018-11-15,119.2052,119.5634
199-D5-133,2018-12-16,119.1486,119.4614
199-D5-133,2019-01-16,119.0931,119.3899
199-D5-133,2019-02-14,119.0013,119.3055
199-D5-133,2019-03-16,118.9025,119.2067
199-D5-133,2019-04-15,118.8929,119.1512
199-D5-133,2019-05-16,118.9955,119.2062
199-D5-133,2019-06-15,119.1294,119.3337
199-D5-133,2019-07-16,119.193,119.4375
199-D5-133,2019-08-16,119.1403,119.4612
199-D5-133,2019-09-15,119.056,119.3892
199-D5-133,2019-10-16,118.9134,119.2487
199-D5-133,2019-11-15,118.9422,119.1818
199-D5-133,2019-12-16,119.0106,119.1919
199-D5-133,2020-01-16,119.0162,119.1904
199-D5-133,2020-02-14,118.9893,119.1716
199-D5-133,2020-03-16,119.0919,119.1871
199-D5-133,2020-04-15,119.1811,119.2359
199-D5-133,2020-05-16,119.2187,119.2832
199-D5-133,2020-06-15,119.2698,119.3546
199-D5-133,2020-07-16,119.0724,119.1399
199-D5-133,2020-08-16,119.1247,119.0658
199-D5-133,2020-09-15,119.538,119.3323
199-D5-133,2020-10-16,119.3121,119.3319
199-D5-133,2020-11-15,119.2999,119.2445
199-D5-133,2020-12-16,119.2577,119.2159
199-D5-142,2015-09-15,119.032,119.3243
199-D5-142,2015-11-15,118.871,119.1511
199-D5-142,2016-02-15,118.845,119.0552
199-D5-142,2016-03-16,118.937,119.1023
199-D5-142,2016-05-16,119.117,119.2566
199-D5-142,2016-11-15,118.878,119.1529
199-D5-142,2017-02-14,119.137,119.314
199-D5-142,2017-03-16,119.161,119.3854
199-D5-142,2017-05-16,119.406,119.589
199-D5-142,2017-11-15,,119.3063
199-D5-142,2018-02-14,119.076,119.2915
199-D5-142,2018-03-16,119.168,119.3453
199-D5-142,2018-05-16,119.307,119.4986
199-D5-142,2018-11-15,118.894,119.1938
199-D5-142,2019-02-14,118.628,118.9524
199-D5-142,2019-03-16,118.584,118.8755
199-D5-142,2019-05-16,118.591,118.8604
199-D5-142,2019-11-15,118.507,118.8029
199-D5-142,2020-02-14,118.56,118.7635
199-D5-142,2020-03-16,118.6,118.7606
199-D5-142,2020-12-16,118.77,118.8125
199-D5-145,2015-08-16,117.862,118.2123
199-D5-145,2015-09-15,117.809,118.0742
199-D5-145,2015-10-16,117.766,117.8995
199-D5-145,2015-11-15,117.65,117.8042
199-D5-145,2015-12-16,117.674,117.7692
199-D5-145,2016-01-16,117.668,117.7726
199-D5-145,2016-02-15,117.664,117.8043
199-D5-145,2016-03-16,117.679,117.8518
199-D5-145,2016-04-15,117.76,117.9842
199-D5-145,2016-05-16,117.773,118.1426
199-D5-145,2016-06-15,117.939,118.2271
199-D5-145,2016-07-16,118.003,118.283
199-D5-145,2016-11-15,117.739,117.98
199-D5-145,2017-02-14,118.018,118.1946
199-D5-145,2017-05-16,118.518,118.7521
199-D5-145,2017-11-15,117.844,118.0471
199-D5-145,2018-02-14,117.95,118.2019
199-D5-145,2018-05-16,118.011,118.5568
199-D5-145,2018-11-15,117.692,117.9676
199-D5-145,2019-02-14,117.552,117.8495
199-D5-145,2019-05-16,117.375,117.8047
199-D5-145,2019-11-15,117.15,117.5621
199-D5-145,2020-02-14,117.28,117.5597
199-D5-145,2020-11-15,117.56,117.5489
199-D5-149,2016-05-16,118.055,118.2727
199-D5-149,2016-08-16,118.038,118.3863
199-D5-149,2016-11-15,117.822,118.1005
199-D5-149,2017-02-14,118.151,118.3175
199-D5-149,2017-05-16,118.621,118.8399
199-D5-149,2017-08-16,118.66,118.8516
199-D5-149,2017-11-15,117.924,118.1816
199-D5-149,2018-02-14,118.091,118.3065
199-D5-149,2018-05-16,119.164,118.6474
199-D5-149,2018-08-16,118.305,118.668
199-D5-149,2018-10-16,117.739,118.178
199-D5-149,2019-02-14,117.58,117.8857
199-D5-149,2019-05-16,117.414,117.8398
199-D5-149,2019-08-16,117.464,117.9338
199-D5-149,2019-11-15,117.204,117.6264
199-D5-149,2020-02-14,117.36,117.6191
199-D5-149,2020-08-16,118.46,118.3206
199-D5-149,2020-11-15,117.61,117.6348
199-D5-150,2016-05-16,118.585,118.6381
199-D5-150,2016-09-15,118.617,118.7089
199-D5-150,2016-11-15,118.384,118.5184
199-D5-150,2017-02-14,118.671,118.6987
199-D5-150,2017-03-16,118.712,118.7788
199-D5-150,2017-05-16,119.076,119.1137
199-D5-150,2017-08-16,119.197,119.2125
199-D5-150,2017-11-15,118.502,118.6341
199-D5-150,2018-02-14,118.565,118.6691
199-D5-150,2018-05-16,118.657,118.9344
199-D5-150,2018-08-16,118.874,119.0469
199-D5-150,2018-11-15,118.267,118.4101
199-D5-150,2019-03-16,118.027,118.1629
199-D5-150,2019-05-16,117.888,118.1453
199-D5-150,2019-08-16,118.016,118.2764
199-D5-150,2019-11-15,117.741,118.0049
199-D5-150,2020-02-14,117.86,117.9802
199-D5-150,2020-08-16,118.54,118.5191
199-D5-150,2020-11-15,118.15,118.061
199-D5-151,2016-05-16,118.214,118.3242
199-D5-151,2016-06-15,118.248,118.4105
199-D5-151,2016-07-16,118.307,118.4638
199-D5-151,2016-10-16,118.017,118.2461
199-D5-151,2016-11-15,118.025,118.1792
199-D5-151,2016-12-16,118.096,118.2023
199-D5-151,2017-01-16,118.308,118.2915
199-D5-151,2017-02-14,118.341,118.381
199-D5-151,2017-03-16,118.365,118.4712
199-D5-151,2017-04-15,118.425,118.6296
199-D5-151,2017-05-16,118.623,118.8754
199-D5-151,2017-06-15,118.975,119.0861
199-D5-151,2017-07-16,119.066,119.085
199-D5-151,2017-08-16,118.858,118.9147
199-D5-151,2017-09-15,118.672,118.7163
199-D5-151,2017-11-15,118.149,118.2662
199-D5-151,2018-02-14,118.23,118.3652
199-D5-151,2018-05-16,118.314,118.6749
199-D5-151,2018-10-16,118.0,118.2783
199-D5-151,2019-03-16,117.747,117.9328
199-D5-151,2019-05-16,117.588,117.9241
199-D5-151,2019-10-16,117.424,117.8009
199-D5-151,2020-02-14,117.5,117.7117
199-D5-151,2020-11-15,117.82,117.7371
199-D5-152,2016-05-16,118.369,118.4062
199-D5-152,2016-06-15,118.436,118.4961
199-D5-152,2016-07-16,118.473,118.5553
199-D5-152,2016-10-16,118.183,118.3482
199-D5-152,2016-11-15,118.192,118.2816
199-D5-152,2016-12-16,118.262,118.3004
199-D5-152,2017-01-16,118.453,118.3834
199-D5-152,2017-02-14,118.497,118.4724
199-D5-152,2017-03-16,118.518,118.5602
199-D5-152,2017-04-15,118.575,118.7071
199-D5-152,2017-05-16,118.766,118.9397
199-D5-152,2017-06-15,119.114,119.1444
199-D5-152,2017-08-16,119.027,118.9969
199-D5-152,2017-09-15,118.799,118.806
199-D5-152,2017-11-15,118.307,118.3708
199-D5-152,2018-02-14,118.348,118.4481
199-D5-152,2018-05-16,118.432,118.7325
199-D5-152,2018-10-16,118.169,118.3929
199-D5-152,2019-02-14,117.895,118.0909
199-D5-152,2019-05-16,117.729,118.0273
199-D5-152,2019-10-16,117.592,117.9244
199-D5-152,2020-02-14,117.69,117.8248
199-D5-152,2020-11-15,117.97,117.8589
199-D5-160,2016-10-16,119.013,118.8331
199-D5-160,2017-02-14,119.274,118.9409
199-D5-160,2017-03-16,119.359,119.0167
199-D5-160,2017-04-15,119.415,119.1358
199-D5-160,2017-05-16,119.531,119.3095
199-D5-160,2017-06-15,,119.4718
199-D5-160,2017-07-16,,119.5253
199-D5-160,2017-08-16,,119.4301
199-D5-160,2017-09-15,119.381,119.2564
199-D5-160,2017-10-16,119.347,119.0536
199-D5-160,2017-11-15,119.224,118.895
199-D5-160,2017-12-16,118.908,118.8285
199-D5-160,2018-01-16,119.133,118.8432
199-D5-160,2018-02-14,119.178,118.9064
199-D5-160,2018-03-16,119.276,118.9678
199-D5-160,2018-04-15,119.219,118.9961
199-D5-160,2018-05-16,119.358,119.1544
199-D5-160,2018-06-15,119.641,119.3482
199-D5-160,2018-07-16,119.608,119.3788
199-D5-160,2018-08-16,119.506,119.2799
199-D5-160,2018-09-15,119.058,119.0663
199-D5-160,2018-11-15,118.609,118.5466
199-D5-160,2019-03-16,118.3178,118.2557
199-D5-160,2019-04-15,118.2903,118.2055
199-D5-160,2019-05-16,118.3192,118.24
199-D5-160,2019-06-15,118.4382,118.3407
199-D5-160,2019-07-16,118.5108,118.4029
199-D5-160,2019-08-16,118.4837,118.3954
199-D5-160,2019-09-15,118.4181,118.3286
199-D5-160,2019-10-16,118.2949,118.2057
199-D5-160,2019-11-15,118.2592,118.1307
199-D5-160,2019-12-16,118.3141,118.1329
199-D5-160,2020-01-16,118.3268,118.1283
199-D5-160,2020-02-14,118.3604,118.1125
199-D5-160,2020-03-16,118.4745,118.1232
199-D5-160,2020-04-15,118.5988,118.1462
199-D5-160,2020-05-16,118.6636,118.2327
199-D5-160,2020-06-15,118.6992,118.4116
199-D5-160,2020-07-16,118.9118,118.5762
199-D5-160,2020-08-16,118.7465,118.6055
199-D5-160,2020-09-15,118.8448,118.4979
199-D5-160,2020-10-16,118.7422,118.3311
199-D5-160,2020-11-15,118.6912,118.2446
199-D5-160,2020-12-16,118.684,118.2255
199-D5-17,2014-06-15,,119.472
199-D5-17,2014-12-16,119.2871,119.4641
199-D5-17,2015-01-16,119.3222,119.434
199-D5-17,2015-02-14,119.4026,119.4601
199-D5-17,2015-03-16,119.4863,119.5181
199-D5-17,2015-04-15,119.5177,119.5683
199-D5-17,2015-05-16,119.5254,119.5994
199-D5-17,2015-06-15,119.4578,119.5939
199-D5-17,2015-07-16,119.4539,119.5701
199-D5-17,2015-08-16,119.4129,119.5417
199-D5-17,2015-09-15,119.3823,119.5001
199-D5-17,2015-10-16,119.3179,119.4495
199-D5-17,2015-11-15,119.2235,119.3774
199-D5-17,2015-12-16,119.1958,119.3102
199-D5-17,2016-01-16,119.177,119.2869
199-D5-17,2016-02-15,119.2043,119.2865
199-D5-17,2016-03-16,119.2821,119.328
199-D5-17,2016-04-15,119.2482,119.3795
199-D5-17,2016-05-16,119.409,119.4656
199-D5-17,2016-06-15,119.5243,119.5758
199-D5-17,2016-07-16,119.5232,119.6398
199-D5-17,2016-08-16,119.5154,119.661
199-D5-17,2016-09-15,119.4602,119.6133
199-D5-17,2016-10-16,119.276,119.5011
199-D5-17,2016-11-15,119.2662,119.4322
199-D5-17,2016-12-16,119.3744,119.4489
199-D5-17,2017-01-16,119.4305,119.4916
199-D5-17,2017-02-14,119.5038,119.5477
199-D5-17,2017-03-16,119.5597,119.6028
199-D5-17,2017-04-15,119.642,119.6659
199-D5-17,2017-05-16,119.7082,119.76
199-D5-17,2017-06-15,119.8296,119.8652
199-D5-17,2017-07-16,119.9677,119.9564
199-D5-17,2017-08-16,119.8778,119.9504
199-D5-17,2017-09-15,119.6779,119.8334
199-D5-17,2017-10-16,119.548,119.6916
199-D5-17,2017-11-15,119.4462,119.5829
199-D5-17,2017-12-16,119.4033,119.5275
199-D5-17,2018-01-16,119.3782,119.5154
199-D5-17,2018-02-14,119.413,119.5233
199-D5-17,2018-03-16,119.4867,119.5558
199-D5-17,2018-04-15,119.4573,119.5664
199-D5-17,2018-05-16,119.5605,119.6536
199-D5-17,2018-06-15,119.7181,119.801
199-D5-17,2018-07-16,119.8105,119.8766
199-D5-17,2018-08-16,119.7198,119.8587
199-D5-17,2018-09-15,119.583,119.7582
199-D5-17,2018-10-16,119.3572,119.6116
199-D5-17,2018-11-15,119.1972,119.4786
199-D5-17,2018-12-16,119.114,119.3688
199-D5-17,2019-01-16,119.0537,119.2956
199-D5-17,2019-02-14,118.9792,119.2292
199-D5-17,2019-03-16,118.8886,119.155
199-D5-17,2019-04-15,118.8549,119.1008
199-D5-17,2019-05-16,118.8931,119.1131
199-D5-17,2019-06-15,119.001,119.1898
199-D5-17,2019-07-16,119.078,119.2721
199-D5-17,2019-08-16,119.0601,119.3043
199-D5-17,2019-09-15,118.9897,119.2689
199-D5-17,2019-10-16,118.8673,119.1747
199-D5-17,2019-11-15,118.8454,119.1025
199-D5-17,2019-12-16,118.8839,119.0805
199-D5-17,2020-01-16,118.8967,119.0664
199-D5-17,2020-02-14,118.8971,119.048
199-D5-17,2020-03-16,118.9726,119.0523
199-D5-17,2020-04-15,119.0624,119.0807
199-D5-17,2020-05-16,119.1014,119.1167
199-D5-17,2020-06-15,119.0802,119.1772
199-D5-17,2020-07-16,119.0357,119.0934
199-D5-17,2020-08-16,118.9473,119.0503
199-D5-17,2020-09-15,119.3037,119.1954
199-D5-17,2020-10-16,119.1777,119.2157
199-D5-17,2020-11-15,119.1187,119.1569
199-D5-17,2020-12-16,119.0911,119.124
199-D5-18,2015-09-15,119.111,119.3291
199-D5-18,2015-10-16,119.029,119.2985
199-D5-18,2015-12-16,118.93,119.1811
199-D5-18,2016-03-16,118.969,119.1709
199-D5-18,2016-05-16,119.167,119.2693
199-D5-18,2016-06-15,119.241,119.3515
199-D5-18,2016-09-15,119.235,119.42
199-D5-18,2016-12-16,119.075,119.2607
199-D5-18,2017-03-16,119.252,119.3783
199-D5-18,2017-06-15,119.522,119.5976
199-D5-18,2017-09-15,119.379,119.6512
199-D5-18,2017-11-15,,119.4385
199-D5-18,2018-03-16,119.215,119.3839
199-D5-18,2018-11-15,119.042,119.388
199-D5-18,2019-03-16,118.741,119.0929
199-D5-18,2019-11-15,118.648,119.0254
199-D5-18,2020-03-16,118.72,118.9436
199-D5-18,2020-12-16,118.88,119.0303
199-D5-19,2014-12-16,119.0726,119.254
199-D5-19,2015-01-16,119.0848,119.1913
199-D5-19,2015-02-14,119.1623,119.1757
199-D5-19,2015-03-16,119.2425,119.2223
199-D5-19,2015-04-15,119.2861,119.2768
199-D5-19,2015-05-16,119.3003,119.311
199-D5-19,2015-06-15,119.2608,119.315
199-D5-19,2015-07-16,119.2454,119.2975
199-D5-19,2015-08-16,119.2122,119.2694
199-D5-19,2015-09-15,119.1827,119.2422
199-D5-19,2015-10-16,119.1269,119.2261
199-D5-19,2015-11-15,119.0529,119.1823
199-D5-19,2015-12-16,119.0206,119.1205
199-D5-19,2016-01-16,119.0034,119.1036
199-D5-19,2016-02-15,119.0141,119.0974
199-D5-19,2016-03-16,119.0653,119.1031
199-D5-19,2016-04-15,119.0606,119.1356
199-D5-19,2016-05-16,119.1692,119.1923
199-D5-19,2016-06-15,119.2793,119.2631
199-D5-19,2016-07-16,119.3067,119.3442
199-D5-19,2016-08-16,119.3067,119.386
199-D5-19,2016-09-15,119.2754,119.3493
199-D5-19,2016-10-16,119.1432,119.282
199-D5-19,2016-11-15,119.0974,119.2197
199-D5-19,2016-12-16,119.1626,119.1902
199-D5-19,2017-01-16,119.214,119.2055
199-D5-19,2017-02-14,119.2707,119.2579
199-D5-19,2017-03-16,119.326,119.2999
199-D5-19,2017-04-15,119.3892,119.3307
199-D5-19,2017-05-16,119.4787,119.4057
199-D5-19,2017-06-15,119.5935,119.5059
199-D5-19,2017-07-16,119.7423,119.6136
199-D5-19,2017-08-16,119.6843,119.6627
199-D5-19,2017-09-15,119.5269,119.601
199-D5-19,2017-10-16,119.3936,119.4886
199-D5-19,2017-11-15,119.2973,119.3949
199-D5-19,2017-12-16,119.2228,119.3382
199-D5-19,2018-01-16,119.1858,119.3166
199-D5-19,2018-02-14,119.1915,119.3072
199-D5-19,2018-03-16,119.2512,119.3164
199-D5-19,2018-04-15,119.2369,119.325
199-D5-19,2018-05-16,119.3045,119.3672
199-D5-19,2018-06-15,119.4626,119.4707
199-D5-19,2018-07-16,119.5811,119.5677
199-D5-19,2018-08-16,119.5257,119.5953
199-D5-19,2018-09-15,119.4222,119.5497
199-D5-19,2018-10-16,119.2538,119.4629
199-D5-19,2018-11-15,119.1083,119.3572
199-D5-19,2018-12-16,119.018,119.2491
199-D5-19,2019-01-16,118.9568,119.18
199-D5-19,2019-02-14,118.8993,119.1301
199-D5-19,2019-03-16,118.8236,119.0806
199-D5-19,2019-04-15,118.7821,119.0359
199-D5-19,2019-05-16,118.7855,119.0194
199-D5-19,2019-06-15,118.8604,119.0525
199-D5-19,2019-07-16,118.9237,119.1056
199-D5-19,2019-08-16,118.9183,119.1327
199-D5-19,2019-09-15,118.8686,119.1222
199-D5-19,2019-10-16,118.7758,119.0714
199-D5-19,2019-11-15,118.7343,119.0063
199-D5-19,2019-12-16,118.7509,118.9619
199-D5-19,2020-01-16,118.7562,118.9355
199-D5-19,2020-02-14,118.7604,118.9159
199-D5-19,2020-03-16,118.8088,118.9107
199-D5-19,2020-04-15,118.8704,118.9217
199-D5-19,2020-05-16,118.8968,118.9396
199-D5-19,2020-06-15,118.9056,118.9771
199-D5-19,2020-07-16,118.9365,118.9783
199-D5-19,2020-08-16,118.8605,118.9782
199-D5-19,2020-09-15,119.0989,119.0542
199-D5-19,2020-10-16,119.0364,119.0814
199-D5-19,2020-11-15,118.9669,119.0445
199-D5-19,2020-12-16,118.9422,119.0108
199-D5-33,2014-01-31,117.699,117.7258
199-D5-33,2014-02-14,117.682,117.6612
199-D5-33,2014-03-16,117.542,117.7369
199-D5-33,2014-04-15,117.749,118.0204
199-D5-33,2014-05-16,118.1044,118.416
199-D5-33,2014-06-15,118.2821,118.7021
199-D5-33,2014-07-16,118.3363,118.7093
199-D5-33,2014-08-16,118.2685,118.4799
199-D5-33,2014-09-15,118.1335,118.0518
199-D5-33,2014-10-16,117.8012,117.6824
199-D5-33,2014-11-15,117.573,117.6168
199-D5-33,2014-12-16,117.6953,117.7667
199-D5-33,2015-01-16,117.92,118.0007
199-D5-33,2015-02-14,118.0112,118.2205
199-D5-33,2015-03-16,118.1007,118.3118
199-D5-33,2015-04-15,118.0485,118.2298
199-D5-33,2015-05-16,117.9051,118.1465
199-D5-33,2015-06-15,117.8999,118.1111
199-D5-33,2015-07-16,117.7927,118.0101
199-D5-33,2015-08-16,117.7456,117.9075
199-D5-33,2015-09-15,117.8021,117.709
199-D5-33,2015-10-16,117.6779,117.4436
199-D5-33,2015-11-15,117.6627,117.3907
199-D5-33,2016-01-16,117.893,117.5111
199-D5-33,2016-02-15,117.8626,117.5822
199-D5-33,2016-03-16,117.8963,117.6871
199-D5-33,2016-04-15,117.911,117.9532
199-D5-33,2016-05-16,118.0487,118.1662
199-D5-33,2016-06-15,117.9326,118.1557
199-D5-33,2016-07-16,117.9032,118.0732
199-D5-33,2016-08-16,117.7784,117.9316
199-D5-33,2016-09-15,117.5836,117.6965
199-D5-33,2016-10-16,117.5092,117.5194
199-D5-33,2016-11-15,117.6455,117.5673
199-D5-33,2016-12-16,117.8769,117.7404
199-D5-33,2017-01-16,118.0207,117.9242
199-D5-33,2017-02-14,118.018,118.0116
199-D5-33,2017-03-16,118.0604,118.1481
199-D5-33,2017-04-15,118.4031,118.5152
199-D5-33,2017-05-16,118.6274,118.9656
199-D5-33,2017-06-15,118.9007,119.1903
199-D5-33,2017-07-16,118.6102,118.8902
199-D5-33,2017-08-16,118.2128,118.3436
199-D5-33,2017-09-15,117.9579,117.9639
199-D5-33,2017-10-16,117.6975,117.6378
199-D5-33,2017-11-15,117.6021,117.465
199-D5-33,2017-12-16,117.6637,117.5496
199-D5-33,2018-01-16,117.7933,117.7779
199-D5-33,2018-02-14,117.9989,118.0604
199-D5-33,2018-03-16,118.0029,118.1431
199-D5-33,2018-04-15,117.9365,118.1585
199-D5-33,2018-05-16,118.4106,118.767
199-D5-33,2018-06-15,118.6803,119.0959
199-D5-33,2018-07-16,118.3613,118.6712
199-D5-33,2018-08-16,118.0307,118.2177
199-D5-33,2018-09-15,117.702,117.8098
199-D5-33,2018-10-16,117.4638,117.4963
199-D5-33,2018-11-15,117.5536,117.458
199-D5-33,2018-12-16,117.6971,117.5106
199-D5-33,2019-01-16,117.5454,117.5318
199-D5-33,2019-02-14,117.543,117.5616
199-D5-33,2019-03-16,117.4692,117.4952
199-D5-33,2019-04-15,117.2869,117.4104
199-D5-33,2019-05-16,117.4843,117.639
199-D5-33,2019-06-15,117.6217,117.8711
199-D5-33,2019-07-16,117.433,117.7591
199-D5-33,2019-08-16,117.3403,117.6048
199-D5-33,2019-09-15,117.179,117.3852
199-D5-33,2019-10-16,117.0421,117.1374
199-D5-33,2019-11-15,117.2275,117.1827
199-D5-33,2019-12-16,117.3776,117.3271
199-D5-33,2020-01-16,117.3022,117.292
199-D5-33,2020-02-14,117.4152,117.2628
199-D5-33,2020-03-16,117.3302,117.1757
199-D5-33,2020-04-15,117.1779,117.0289
199-D5-33,2020-05-16,117.508,117.3453
199-D5-33,2020-06-15,117.9978,117.9163
199-D5-33,2020-07-16,118.275,118.1698
199-D5-33,2020-08-16,118.361,117.9925
199-D5-33,2020-09-15,117.8119,117.527
199-D5-33,2020-10-16,117.4808,117.0958
199-D5-33,2020-11-15,117.5133,117.0261
199-D5-33,2020-12-16,117.6201,117.1252
199-D5-34,2014-01-31,117.909,117.9379
199-D5-34,2014-02-14,117.9,117.9106
199-D5-34,2014-03-16,117.7067,117.9491
199-D5-34,2014-04-15,117.8383,118.1161
199-D5-34,2014-05-16,118.045,118.3896
199-D5-34,2014-06-15,118.2185,118.6279
199-D5-34,2014-07-16,118.372,118.7242
199-D5-34,2014-08-16,118.4175,118.6486
199-D5-34,2014-09-15,118.2615,118.411
199-D5-34,2014-10-16,118.073,118.1545
199-D5-34,2014-11-15,117.945,118.0485
199-D5-34,2014-12-16,117.986,118.0792
199-D5-34,2015-01-16,117.971,118.1839
199-D5-34,2015-02-14,118.373,118.3117
199-D5-34,2015-03-16,,118.4025
199-D5-34,2015-04-15,118.308,118.4062
199-D5-34,2015-05-16,118.201,118.3783
199-D5-34,2015-06-15,118.209,118.3534
199-D5-36,2014-01-31,117.298,117.5691
199-D5-36,2014-03-16,117.203,117.5943
199-D5-36,2014-04-15,117.5734,118.0493
199-D5-36,2014-05-16,117.9186,118.5579
199-D5-36,2014-06-15,118.1579,118.8566
199-D5-36,2014-07-16,118.1949,118.7359
199-D5-36,2014-08-16,117.9193,118.331
199-D5-36,2014-09-15,117.4638,117.6715
199-D5-36,2014-10-16,117.1756,117.2171
199-D5-36,2014-11-15,117.2058,117.2856
199-D5-36,2015-01-16,117.704,117.9656
199-D5-36,2015-02-14,117.828,118.2644
199-D5-36,2015-03-16,117.886,118.3254
199-D5-36,2015-04-15,117.808,118.1307
199-D5-36,2015-05-16,117.6426,118.0053
199-D5-36,2015-06-15,117.6376,117.9739
199-D5-36,2015-07-16,117.5301,117.8346
199-D5-36,2015-08-16,117.5832,117.7507
199-D5-36,2015-09-15,117.3949,117.5001
199-D5-36,2015-10-16,117.2987,117.1703
199-D5-36,2015-11-15,117.3562,117.2296
199-D5-36,2015-12-16,117.4948,117.3909
199-D5-36,2016-01-16,117.5794,117.4863
199-D5-36,2016-02-15,117.5374,117.5855
199-D5-36,2016-03-16,117.6465,117.7362
199-D5-36,2016-04-15,117.8594,118.1261
199-D5-36,2016-05-16,118.0068,118.3506
199-D5-36,2016-06-15,117.8231,118.2265
199-D5-36,2016-07-16,117.7537,118.0402
199-D5-36,2016-08-16,117.607,117.7922
199-D5-36,2016-09-15,117.3581,117.43
199-D5-36,2016-10-16,117.3468,117.2382
199-D5-36,2016-11-15,117.4865,117.4419
199-D5-36,2016-12-16,117.5877,117.7405
199-D5-36,2017-01-16,117.7915,117.9579
199-D5-36,2017-02-14,117.7814,118.0107
199-D5-36,2017-03-16,117.8879,118.1906
199-D5-36,2017-04-15,118.3833,118.7254
199-D5-36,2017-05-16,118.6673,119.2815
199-D5-36,2017-06-15,118.893,119.4462
199-D5-36,2017-07-16,118.378,118.8491
199-D5-36,2017-08-16,117.9422,118.0307
199-D5-36,2017-09-15,117.6788,117.5802
199-D5-36,2017-10-16,117.4158,117.2329
199-D5-36,2017-11-15,117.3395,117.1412
199-D5-36,2017-12-16,117.5093,117.4061
199-D5-36,2018-01-16,117.6206,117.7738
199-D5-36,2018-02-14,117.8573,118.1495
199-D5-36,2018-03-16,117.811,118.1661
199-D5-36,2018-04-15,117.8336,118.1542
199-D5-36,2018-05-16,118.6465,119.1046
199-D5-36,2018-06-15,118.7417,119.4222
199-D5-36,2018-07-16,118.2492,118.6187
199-D5-36,2018-08-16,117.8841,118.0065
199-D5-36,2018-09-15,117.5192,117.492
199-D5-36,2018-10-16,117.3208,117.1579
199-D5-36,2018-11-15,117.4355,117.2771
199-D5-36,2018-12-16,117.4509,117.4368
199-D5-36,2019-01-16,117.4174,117.4728
199-D5-36,2019-02-14,117.4716,117.5281
199-D5-36,2019-03-16,117.3846,117.4158
199-D5-36,2019-04-15,117.2238,117.3037
199-D5-36,2019-05-16,117.5306,117.7224
199-D5-36,2019-06-15,117.616,118.0236
199-D5-36,2019-07-16,117.3714,117.7431
199-D5-36,2019-08-16,117.2787,117.5294
199-D5-36,2019-09-15,117.0623,117.2048
199-D5-36,2019-10-16,116.9209,116.882
199-D5-36,2019-11-15,117.1194,117.0987
199-D5-36,2019-12-16,117.2121,117.3467
199-D5-36,2020-01-16,117.1502,117.2305
199-D5-36,2020-02-14,117.3071,117.207
199-D5-36,2020-03-16,117.1928,117.0713
199-D5-36,2020-04-15,117.0693,116.8435
199-D5-36,2020-05-16,117.5596,117.4321
199-D5-36,2020-06-15,118.1423,118.2352
199-D5-36,2020-07-16,118.2929,118.297
199-D5-36,2020-08-16,118.1979,117.8374
199-D5-36,2020-09-15,117.5406,117.1836
199-D5-36,2020-10-16,117.2382,116.7112
199-D5-36,2020-11-15,117.3758,116.8137
199-D5-36,2020-12-16,117.4592,117.0384
199-D5-37,2014-01-31,117.685,117.6687
199-D5-37,2014-02-14,,117.5432
199-D5-37,2014-03-16,117.489,117.6668
199-D5-37,2014-04-15,117.858,118.0889
199-D5-37,2014-05-16,,118.5792
199-D5-37,2014-06-15,,118.8721
199-D5-37,2014-07-16,118.6322,118.766
199-D5-37,2014-08-16,,118.388
199-D5-37,2014-09-15,117.8676,117.7729
199-D5-37,2014-10-16,,117.3338
199-D5-37,2014-11-15,117.354,117.3757
199-D5-37,2014-12-16,117.8313,117.6743
199-D5-37,2015-01-16,117.987,118.0154
199-D5-37,2015-02-14,118.1485,118.2938
199-D5-37,2015-03-16,118.1455,118.3635
199-D5-37,2015-04-15,118.0055,118.1854
199-D5-37,2015-05-16,117.8653,118.0619
199-D5-37,2015-06-15,117.8573,118.0288
199-D5-37,2015-07-16,117.7221,117.8928
199-D5-37,2015-08-16,117.705,117.7959
199-D5-37,2015-09-15,117.4391,117.5516
199-D5-37,2015-10-16,117.3146,117.2319
199-D5-37,2015-11-15,117.4034,117.2702
199-D5-37,2015-12-16,117.5051,117.4171
199-D5-37,2016-01-16,117.5557,117.5049
199-D5-37,2016-02-15,117.5753,117.5975
199-D5-37,2016-03-16,117.672,117.7393
199-D5-37,2016-04-15,117.8997,118.0995
199-D5-37,2016-05-16,118.0327,118.3224
199-D5-37,2016-06-15,117.8809,118.2266
199-D5-37,2016-07-16,117.7767,118.0521
199-D5-37,2016-08-16,117.628,117.8171
199-D5-37,2016-09-15,117.31,117.4682
199-D5-37,2016-10-16,117.2284,117.2457
199-D5-37,2016-11-15,117.4624,117.4178
199-D5-37,2016-12-16,117.704,117.7365
199-D5-37,2017-01-16,117.9676,117.981
199-D5-37,2017-02-14,117.9196,118.0451
199-D5-37,2017-03-16,118.0414,118.2075
199-D5-37,2017-04-15,118.5803,118.708
199-D5-37,2017-05-16,118.8386,119.25
199-D5-37,2017-06-15,119.0501,119.4354
199-D5-37,2017-07-16,118.4406,118.8939
199-D5-37,2017-08-16,117.9674,118.102
199-D5-37,2017-09-15,117.7299,117.6407
199-D5-37,2017-10-16,117.4048,117.2855
199-D5-37,2017-11-15,117.3553,117.1726
199-D5-37,2017-12-16,117.5152,117.4037
199-D5-37,2018-01-16,117.7912,117.7621
199-D5-37,2018-02-14,118.0585,118.1374
199-D5-37,2018-03-16,117.965,118.1727
199-D5-37,2018-04-15,117.9967,118.1667
199-D5-37,2018-05-16,118.8605,119.0508
199-D5-37,2018-06-15,118.7183,119.3701
199-D5-37,2018-07-16,118.1618,118.6286
199-D5-37,2018-08-16,117.8184,118.0331
199-D5-37,2018-09-15,117.4169,117.5194
199-D5-37,2018-10-16,117.1845,117.1611
199-D5-37,2018-11-15,117.3247,117.2427
199-D5-37,2018-12-16,117.3587,117.4039
199-D5-37,2019-01-16,117.3452,117.4512
199-D5-37,2019-02-14,117.3753,117.4927
199-D5-37,2019-03-16,117.2588,117.379
199-D5-37,2019-04-15,117.1232,117.269
199-D5-37,2019-05-16,117.5793,117.6663
199-D5-37,2019-06-15,117.6699,117.9772
199-D5-37,2019-07-16,117.3786,117.7379
199-D5-37,2019-08-16,117.3128,117.5316
199-D5-37,2019-09-15,117.1667,117.2121
199-D5-37,2019-10-16,116.8148,116.8919
199-D5-37,2019-11-15,117.0495,117.0786
199-D5-37,2019-12-16,117.227,117.3256
199-D5-37,2020-01-16,117.2816,117.2406
199-D5-37,2020-02-14,117.3999,117.2153
199-D5-37,2020-03-16,117.2154,117.0833
199-D5-37,2020-04-15,117.0535,116.8588
199-D5-37,2020-05-16,117.7007,117.3964
199-D5-37,2020-06-15,118.238,118.1678
199-D5-37,2020-07-16,118.3085,118.2555
199-D5-37,2020-08-16,118.1456,117.8427
199-D5-37,2020-09-15,117.4713,117.2376
199-D5-37,2020-10-16,117.1925,116.772
199-D5-37,2020-11-15,117.4214,116.8341
199-D5-37,2020-12-16,117.4541,117.0343
199-D5-38,2014-01-31,117.2675,117.5547
199-D5-38,2014-02-14,117.318,117.5212
199-D5-38,2014-03-16,117.1937,117.5904
199-D5-38,2014-04-15,117.3334,117.8254
199-D5-38,2014-05-16,117.5941,118.195
199-D5-38,2014-06-15,117.8945,118.4845
199-D5-38,2014-07-16,118.0703,118.5282
199-D5-38,2014-08-16,117.9841,118.337
199-D5-38,2014-09-15,117.7035,117.9478
199-D5-38,2014-10-16,117.3796,117.5867
199-D5-38,2014-11-15,117.2481,117.4913
199-D5-38,2014-12-16,117.358,117.6111
199-D5-38,2015-02-14,117.687,118.026
199-D5-38,2015-03-16,117.749,118.1144
199-D5-38,2015-05-16,117.686,117.9912
199-D5-38,2015-09-15,117.5017,117.5947
199-D5-38,2015-10-16,117.4143,117.3514
199-D5-38,2015-11-15,117.3732,117.285
199-D5-38,2015-12-16,117.4443,117.3216
199-D5-38,2016-01-16,117.4867,117.3755
199-D5-38,2016-02-15,117.4651,117.4456
199-D5-38,2016-03-16,117.5365,117.5491
199-D5-38,2016-04-15,117.614,117.8046
199-D5-38,2016-05-16,117.8147,118.0193
199-D5-38,2016-06-15,117.8155,118.0408
199-D5-38,2016-07-16,117.8643,118.0142
199-D5-38,2016-08-16,117.8259,117.9254
199-D5-38,2016-09-15,117.6568,117.72
199-D5-38,2016-10-16,117.5846,117.5685
199-D5-38,2016-11-15,117.5528,117.5829
199-D5-38,2016-12-16,117.6482,117.6843
199-D5-38,2017-01-16,117.8143,117.836
199-D5-38,2017-02-14,117.8566,117.9217
199-D5-38,2017-03-16,117.8871,118.0511
199-D5-38,2017-04-15,118.1645,118.3777
199-D5-38,2017-05-16,118.4688,118.7983
199-D5-38,2017-06-15,118.7937,119.0299
199-D5-38,2017-07-16,118.6156,118.7909
199-D5-38,2017-08-16,118.2883,118.3166
199-D5-38,2017-09-15,118.0498,117.9742
199-D5-38,2017-10-16,117.7648,117.6619
199-D5-38,2017-11-15,117.5607,117.4787
199-D5-38,2017-12-16,117.5346,117.5346
199-D5-38,2018-02-14,117.8934,117.9876
199-D5-38,2018-03-16,117.8762,118.0746
199-D5-38,2018-04-15,117.8229,118.0948
199-D5-38,2018-05-16,118.1421,118.63
199-D5-38,2018-06-15,118.6416,118.9621
199-D5-38,2018-07-16,118.4284,118.629
199-D5-38,2018-08-16,118.1369,118.2154
199-D5-38,2018-09-15,117.8447,117.8403
199-D5-38,2018-10-16,117.6005,117.5572
199-D5-38,2018-11-15,117.5391,117.5081
199-D5-38,2018-12-16,117.5933,117.536
199-D5-38,2019-01-16,117.5239,117.5512
199-D5-38,2019-02-14,117.5514,117.5921
199-D5-38,2019-03-16,117.5177,117.546
199-D5-38,2019-04-15,117.3536,117.4595
199-D5-38,2019-05-16,117.4183,117.6368
199-D5-38,2019-06-15,117.5628,117.8344
199-D5-38,2019-07-16,117.4327,117.737
199-D5-38,2019-08-16,117.3183,117.5934
199-D5-38,2019-09-15,117.2314,117.4053
199-D5-38,2019-10-16,117.0872,117.1792
199-D5-38,2019-11-15,117.107,117.1891
199-D5-38,2019-12-16,117.1959,117.305
199-D5-38,2020-01-16,117.1535,117.2778
199-D5-38,2020-02-14,117.2392,117.2476
199-D5-38,2020-03-16,117.28,117.1706
199-D5-38,2020-10-16,117.52,117.116
199-D5-38,2020-12-16,117.42,117.1202
199-D5-42,2016-12-16,118.03,118.3192
199-D5-42,2017-02-14,118.303,118.5107
199-D5-42,2017-05-16,118.753,118.9839
199-D5-42,2017-11-15,118.034,118.3948
199-D5-42,2018-02-14,118.247,118.4933
199-D5-42,2018-05-16,118.358,118.8346
199-D5-42,2018-11-15,117.794,118.1756
199-D5-42,2019-03-16,117.972,117.9635
199-D5-42,2019-05-16,117.895,117.9905
199-D5-42,2019-11-15,117.672,117.7967
199-D5-42,2020-02-14,,117.7833
199-D5-42,2020-11-15,,117.8215
199-D5-43,2014-01-31,118.0445,118.1773
199-D5-43,2014-03-16,117.9045,118.2017
199-D5-43,2014-04-15,117.9863,118.2856
199-D5-43,2014-05-16,118.1535,118.4748
199-D5-43,2014-06-15,118.4833,118.682
199-D5-43,2014-07-16,118.7875,118.8359
199-D5-43,2014-08-16,118.9155,118.8474
199-D5-43,2014-09-15,118.7293,118.7084
199-D5-43,2014-10-16,118.616,118.5263
199-D5-43,2014-11-15,118.4323,118.4316
199-D5-43,2014-12-16,118.4151,118.4115
199-D5-43,2015-01-16,118.4495,118.4296
199-D5-43,2015-02-14,118.6051,118.5052
199-D5-43,2015-03-16,118.7973,118.6048
199-D5-43,2015-04-15,118.8431,118.6531
199-D5-43,2015-05-16,118.8011,118.6636
199-D5-43,2015-06-15,118.7829,118.6555
199-D5-43,2015-07-16,118.7412,118.6093
199-D5-43,2015-08-16,118.6886,118.5393
199-D5-43,2015-09-15,118.6378,118.4359
199-D5-43,2015-10-16,118.5488,118.3052
199-D5-43,2015-11-15,118.4641,118.2216
199-D5-43,2015-12-16,118.4682,118.18
199-D5-43,2016-01-16,118.4644,118.1787
199-D5-43,2016-02-15,118.4756,118.2014
199-D5-43,2016-03-16,118.5153,118.2377
199-D5-43,2016-04-15,118.5019,118.3366
199-D5-43,2016-05-16,118.6855,118.4725
199-D5-43,2016-06-15,118.8082,118.5649
199-D5-43,2016-07-16,118.8482,118.6364
199-D5-43,2016-08-16,118.8684,118.6611
199-D5-43,2016-09-15,118.7497,118.572
199-D5-43,2016-10-16,118.567,118.4463
199-D5-43,2016-11-15,118.5464,118.3871
199-D5-43,2016-12-16,118.6437,118.3974
199-D5-43,2017-01-16,118.7377,118.4718
199-D5-43,2017-02-14,118.8162,118.5628
199-D5-43,2017-03-16,118.8784,118.6497
199-D5-43,2017-04-15,119.0134,118.7896
199-D5-43,2017-05-16,119.2546,119.0162
199-D5-43,2017-06-15,119.5249,119.2138
199-D5-43,2017-07-16,119.5246,119.2273
199-D5-43,2017-08-16,119.3168,119.0786
199-D5-43,2017-09-15,119.0966,118.8873
199-D5-43,2017-10-16,118.8639,118.6493
199-D5-43,2017-11-15,118.6575,118.4615
199-D5-43,2017-12-16,118.5217,118.3952
199-D5-43,2018-01-16,118.5435,118.4341
199-D5-43,2018-02-14,118.5837,118.5327
199-D5-43,2018-03-16,118.6759,118.5915
199-D5-43,2018-04-15,118.6102,118.6088
199-D5-43,2018-05-16,118.7695,118.8102
199-D5-43,2018-06-15,119.2314,119.0503
199-D5-43,2018-07-16,119.2538,119.0685
199-D5-43,2018-08-16,119.0717,118.933
199-D5-43,2018-09-15,118.8569,118.7312
199-D5-43,2018-10-16,118.6048,118.5234
199-D5-43,2018-11-15,118.4228,118.3875
199-D5-43,2018-12-16,118.3805,118.3002
199-D5-43,2019-01-16,118.316,118.2571
199-D5-43,2019-02-14,118.2674,118.2368
199-D5-43,2019-03-16,118.2094,118.1924
199-D5-43,2019-04-15,118.1327,118.1367
199-D5-43,2019-05-16,118.1171,118.1698
199-D5-43,2019-06-15,118.2735,118.2697
199-D5-43,2019-07-16,118.312,118.3071
199-D5-43,2019-08-16,118.2645,118.2822
199-D5-43,2019-09-15,118.2017,118.2085
199-D5-43,2019-10-16,118.0538,118.0758
199-D5-43,2019-11-15,117.9811,117.9952
199-D5-43,2019-12-16,118.0489,117.9982
199-D5-43,2020-01-16,118.0529,117.9881
199-D5-43,2020-02-14,118.0964,117.9655
199-D5-43,2020-03-16,118.1562,117.9424
199-D5-43,2020-04-15,118.1424,117.9054
199-D5-43,2020-05-16,118.1936,117.988
199-D5-43,2020-06-15,118.4283,118.2362
199-D5-43,2020-07-16,118.6976,118.4953
199-D5-43,2020-08-16,118.742,118.5309
199-D5-43,2020-09-15,118.676,118.3501
199-D5-43,2020-10-16,118.4454,118.1182
199-D5-43,2020-11-15,118.3101,117.9963
199-D5-43,2020-12-16,118.3294,117.9945
199-D5-44,2016-12-16,117.714,117.7834
199-D5-44,2017-11-15,117.415,117.1759
199-D5-44,2018-11-15,117.305,117.2814
199-D5-44,2019-11-15,116.981,117.114
199-D5-44,2020-02-14,117.33,117.2493
199-D5-44,2020-11-15,,116.8508
199-D5-97,2014-01-31,118.0452,118.1807
199-D5-97,2014-02-14,118.0069,118.18
199-D5-97,2014-03-16,117.8732,118.2025
199-D5-97,2014-04-15,117.9422,118.2936
199-D5-97,2014-05-16,118.0728,118.4851
199-D5-97,2014-06-15,118.2483,118.6817
199-D5-97,2014-07-16,118.5409,118.8243
199-D5-97,2014-08-16,118.6922,118.8364
199-D5-97,2014-09-15,118.5381,118.6978
199-D5-97,2014-10-16,118.3772,118.518
199-D5-97,2014-11-15,118.2475,118.4261
199-D5-97,2014-12-16,118.2191,118.4075
199-D5-97,2015-01-16,118.1884,118.429
199-D5-97,2015-02-14,118.5375,118.506
199-D5-97,2015-03-16,118.6336,118.6037
199-D5-97,2015-04-15,118.675,118.6511
199-D5-97,2015-05-16,118.6362,118.6611
199-D5-97,2015-06-15,118.6169,118.6523
199-D5-97,2015-07-16,118.5672,118.6059
199-D5-97,2015-08-16,118.4993,118.5324
199-D5-97,2015-09-15,118.4384,118.4239
199-D5-97,2015-10-16,118.3516,118.2878
199-D5-97,2015-11-15,118.2724,118.2016
199-D5-97,2015-12-16,118.2707,118.1581
199-D5-97,2016-01-16,118.2649,118.1542
199-D5-97,2016-02-15,118.2719,118.1762
199-D5-97,2016-03-16,118.2997,118.2125
199-D5-97,2016-04-15,118.2909,118.3111
199-D5-97,2016-05-16,118.4421,118.4467
199-D5-97,2016-06-15,118.5641,118.5394
199-D5-97,2016-07-16,118.6137,118.6055
199-D5-97,2016-08-16,118.6148,118.6207
199-D5-97,2016-09-15,118.5332,118.5324
199-D5-97,2016-10-16,118.3555,118.4044
199-D5-97,2016-11-15,118.3104,118.3399
199-D5-97,2016-12-16,118.4117,118.355
199-D5-97,2017-01-16,118.5156,118.4334
199-D5-97,2017-02-14,118.5878,118.5238
199-D5-97,2017-03-16,118.6521,118.6111
199-D5-97,2017-04-15,118.757,118.7511
199-D5-97,2017-05-16,118.9787,118.9781
199-D5-97,2017-06-15,119.2681,119.1807
199-D5-97,2017-07-16,119.2589,119.1922
199-D5-97,2017-08-16,119.0884,119.0414
199-D5-97,2017-09-15,118.8893,118.8528
199-D5-97,2017-10-16,118.6399,118.6142
199-D5-97,2017-11-15,118.4326,118.4241
199-D5-97,2017-12-16,118.2973,118.3554
199-D5-97,2018-01-16,118.3087,118.3933
199-D5-97,2018-02-14,118.3692,118.4924
199-D5-97,2018-03-16,118.4703,118.5496
199-D5-97,2018-04-15,118.4075,118.5636
199-D5-97,2018-05-16,118.5207,118.7623
199-D5-97,2018-06-15,118.9254,118.9987
199-D5-97,2018-07-16,118.9866,119.0136
199-D5-97,2018-08-16,118.8324,118.8774
199-D5-97,2018-09-15,118.6294,118.6754
199-D5-97,2018-10-16,118.3836,118.4639
199-D5-97,2018-11-15,118.1866,118.3236
199-D5-97,2018-12-16,118.1385,118.2334
199-D5-97,2019-01-16,118.0684,118.1883
199-D5-97,2019-02-14,118.0213,118.1661
199-D5-97,2019-03-16,117.9516,118.1193
199-D5-97,2019-04-15,117.8699,118.0643
199-D5-97,2019-05-16,117.8218,118.0989
199-D5-97,2019-06-15,117.9613,118.1987
199-D5-97,2019-07-16,117.9947,118.2359
199-D5-97,2019-08-16,117.9544,118.2108
199-D5-97,2019-09-15,117.8972,118.1376
199-D5-97,2019-10-16,117.7633,118.0054
199-D5-97,2019-11-15,117.6919,117.9258
199-D5-97,2019-12-16,117.7604,117.9302
199-D5-97,2020-01-16,117.7581,117.9209
199-D5-97,2020-02-14,117.7937,117.8975
199-D5-97,2020-03-16,117.8388,117.8749
199-D5-97,2020-04-15,117.8296,117.8416
199-D5-97,2020-05-16,117.8779,117.9263
199-D5-97,2020-06-15,118.1093,118.1719
199-D5-97,2020-07-16,118.4975,118.4466
199-D5-97,2020-08-16,118.5784,118.4903
199-D5-97,2020-09-15,118.4089,118.2938
199-D5-97,2020-10-16,118.1763,118.0546
199-D5-97,2020-11-15,118.0227,117.9327
199-D5-97,2020-12-16,118.0636,117.9308
9-199-D4-40,2017-11-15,,117.0324
9-199-D4-43,2016-12-16,,117.6149
9-199-D5-155,2014-09-15,,118.8101
9-199-D5-156,2014-09-15,,118.77
9-199-D5-157,2014-09-15,,118.7619
9-199-D5-158,2014-09-15,,118.7017
199-D2-10,2018-12-16,,117.2855
199-D2-10,2019-02-14,117.288,117.3896
199-D2-10,2019-05-16,117.344,117.572
199-D2-10,2019-10-16,116.953,116.8426
199-D2-10,2020-02-14,117.32,117.2122
199-D2-10,2020-10-16,117.25,116.7882
199-D2-12,2017-11-15,117.286,117.0418
199-D2-12,2018-02-14,117.746,118.0812
199-D2-12,2018-07-16,118.259,118.6108
199-D2-12,2018-10-16,117.327,117.1429
199-D2-12,2019-02-14,117.437,117.4619
199-D2-12,2019-05-16,117.38,117.6574
199-D2-12,2019-10-16,117.128,116.9021
199-D2-12,2020-10-16,117.4,116.8279
199-D8-93,2017-11-15,117.048,117.0254
199-D8-93,2018-02-14,118.005,118.1815
199-D8-93,2018-06-15,,119.632
199-D8-93,2018-07-16,117.9824,118.5927
199-D8-93,2018-08-16,117.6194,117.9611
199-D8-93,2018-09-15,117.1489,117.427
199-D8-93,2018-10-16,117.0006,117.0677
199-D8-93,2018-11-15,117.3808,117.2075
199-D8-93,2018-12-16,117.3001,117.4072
199-D8-93,2019-01-16,117.3176,117.4568
199-D8-93,2019-02-14,117.3158,117.4996
199-D8-93,2019-03-16,117.1295,117.3599
199-D8-93,2019-04-15,117.0514,117.2367
199-D8-93,2019-05-16,117.7192,117.7275
199-D8-93,2019-06-15,117.6468,118.0692
199-D8-93,2019-07-16,117.2535,117.7571
199-D8-93,2019-08-16,117.2249,117.5411
199-D8-93,2019-09-15,116.8144,117.1903
199-D8-93,2019-10-16,116.6771,116.8403
199-D8-93,2019-11-15,117.067,117.0909
199-D8-93,2019-12-16,117.0793,117.3772
199-D8-93,2020-01-16,117.2977,117.2777
199-D8-93,2020-02-14,117.5519,117.2821
199-D8-93,2020-03-16,117.2316,117.1458
199-D8-93,2020-04-15,117.0837,116.8855
199-D8-93,2020-05-16,118.1104,117.5388
199-D8-93,2020-06-15,118.7629,118.4145
199-D8-93,2020-07-16,118.2619,118.3477
199-D8-93,2020-08-16,117.7,117.7678
199-D8-93,2020-09-15,117.1686,117.1511
199-D8-93,2020-10-16,117.028,116.7219
199-D8-93,2020-11-15,117.4442,116.845
199-D8-93,2020-12-16,117.3835,117.0767
199-D8-94,2017-11-15,116.951,116.9807
199-D8-94,2018-02-14,118.044,118.231
199-D8-94,2018-07-16,117.892,118.5393
199-D8-94,2018-10-16,116.776,116.9727
199-D8-94,2019-03-16,117.252,117.3331
199-D8-94,2019-05-16,117.481,117.7514
199-D8-94,2019-10-16,116.432,116.7447
199-D8-94,2020-02-14,117.62,117.2601
199-D8-94,2020-11-15,117.62,116.792
699-95-51,2014-01-31,118.0321,118.5768
699-95-51,2014-02-14,117.934,118.4722
699-95-51,2014-03-16,117.9991,118.4716
699-95-51,2014-04-15,118.1498,118.6594
699-95-51,2014-05-16,118.3544,118.9084
699-95-51,2014-06-15,118.5069,119.0892
699-95-51,2014-07-16,118.5062,119.1029
699-95-51,2014-08-16,118.3246,118.9767
699-95-51,2014-09-15,118.1107,118.7068
699-95-51,2014-10-16,117.9468,118.4474
699-95-51,2014-11-15,117.9315,118.3539
699-95-51,2014-12-16,117.9501,118.371
699-95-51,2015-01-16,118.0626,118.5032
699-95-51,2015-02-14,118.2472,118.7107
699-95-51,2015-03-16,118.3019,118.8543
699-95-51,2015-04-15,118.2613,118.8547
699-95-51,2015-05-16,118.1464,118.8064
699-95-51,2015-06-15,118.1395,118.7761
699-95-51,2015-07-16,118.0691,118.7277
699-95-51,2015-08-16,118.0848,118.7005
699-95-51,2015-09-15,117.988,118.5981
699-95-51,2015-10-16,117.888,118.4298
699-95-51,2015-11-15,117.8999,118.3698
699-95-51,2015-12-16,117.98,118.3889
699-95-51,2016-01-16,117.9517,118.4027
699-95-51,2016-02-15,117.9804,118.4266
699-95-51,2016-03-16,118.0445,118.4854
699-95-51,2016-04-15,118.0807,118.5954
699-95-51,2016-05-16,118.2881,118.7269
699-95-51,2016-06-15,118.2231,118.7571
699-95-51,2016-07-16,118.1598,118.6734
699-95-51,2016-08-16,118.022,118.5093
699-95-51,2016-09-15,117.8837,118.3053
699-95-51,2016-10-16,117.7947,118.1539
699-95-51,2016-11-15,117.7935,118.1578
699-95-51,2016-12-16,117.9151,118.2622
699-95-51,2017-01-16,117.9587,118.3383
699-95-51,2017-02-14,117.9048,118.3433
699-95-51,2017-03-16,117.988,118.4162
699-95-51,2017-04-15,118.3554,118.6907
699-95-51,2017-05-16,118.6983,119.1215
699-95-51,2017-06-15,119.0361,119.4018
699-95-51,2017-07-16,118.7215,119.2823
699-95-51,2017-08-16,118.4188,118.9515
699-95-51,2017-09-15,118.2079,118.6689
699-95-51,2017-10-16,118.0495,118.4361
699-95-51,2017-11-15,117.9458,118.2875
699-95-51,2017-12-16,117.9501,118.2565
699-95-51,2018-01-16,118.0274,118.354
699-95-51,2018-02-14,118.1714,118.5267
699-95-51,2018-03-16,118.2538,118.6362
699-95-51,2018-04-15,118.2241,118.6955
699-95-51,2018-05-16,118.7963,119.1355
699-95-51,2018-06-15,119.0075,119.434
699-95-51,2018-07-16,118.7304,119.2389
699-95-51,2018-08-16,118.4852,118.9838
699-95-51,2018-09-15,118.2552,118.7022
699-95-51,2018-10-16,118.075,118.4488
699-95-51,2018-11-15,118.0477,118.3548
699-95-51,2018-12-16,118.0591,118.3463
699-95-51,2019-01-16,118.0373,118.3422
699-95-51,2019-02-14,117.99,118.3342
699-95-51,2019-03-16,117.9336,118.2713
699-95-51,2019-04-15,117.8429,118.1898
699-95-51,2019-05-16,117.9878,118.2863
699-95-51,2019-06-15,118.113,118.4348
699-95-51,2019-07-16,118.0512,118.4423
699-95-51,2019-08-16,118.0381,118.4062
699-95-51,2019-09-15,117.9264,118.2811
699-95-51,2019-10-16,117.8294,118.1168
699-95-51,2019-11-15,117.8414,118.0946
699-95-51,2019-12-16,117.9123,118.1448
699-95-51,2020-01-16,117.9103,118.1448
699-95-51,2020-02-14,118.0124,118.1411
699-95-51,2020-03-16,118.0037,118.0952
699-95-51,2020-04-15,117.8604,117.9893
699-95-51,2020-05-16,118.0731,118.1143
699-95-51,2020-06-15,118.4921,118.4398
699-95-51,2020-07-16,118.495,118.4894
699-95-51,2020-08-16,118.2612,118.3447
699-95-51,2020-09-15,118.1749,118.2385
699-95-51,2020-10-16,118.0078,118.0786
699-95-51,2020-11-15,117.9878,117.9991
699-95-51,2020-12-16,118.0097,118.0031
699-96-52B,2014-02-14,116.975,117.3739
699-96-52B,2014-03-16,117.207,117.5836
699-96-52B,2014-06-15,118.737,118.9929
699-96-52B,2014-07-16,,118.7674
699-96-52B,2014-08-16,117.655,118.2527
699-96-52B,2014-09-15,117.0036,117.4755
699-96-52B,2014-10-16,116.9369,117.0036
699-96-52B,2014-11-15,117.3175,117.1707
699-96-52B,2014-12-16,117.4596,117.5854
699-96-52B,2015-01-16,117.7551,118.0099
699-96-52B,2015-02-14,118.0156,118.3472
699-96-52B,2015-03-16,117.9163,118.378
699-96-52B,2015-04-15,117.6964,118.1029
699-96-52B,2015-05-16,117.5616,117.9602
699-96-52B,2015-06-15,117.5559,117.9405
699-96-52B,2015-07-16,117.4216,117.7696
699-96-52B,2015-08-16,117.5115,117.6846
699-96-52B,2015-09-15,117.0824,117.3877
699-96-52B,2015-10-16,116.9477,117.0243
699-96-52B,2015-11-15,117.2077,117.1844
699-96-52B,2015-12-16,117.2418,117.4023
699-96-52B,2016-01-16,117.2926,117.4882
699-96-52B,2016-02-15,117.3565,117.6
699-96-52B,2016-03-16,117.5375,117.7819
699-96-52B,2016-04-15,117.9658,118.2448
699-96-52B,2016-05-16,118.0154,118.4618
699-96-52B,2016-06-15,117.8444,118.2734
699-96-52B,2016-07-16,117.6327,118.0338
699-96-52B,2016-08-16,117.389,117.7069
699-96-52B,2016-09-15,116.9266,117.2434
699-96-52B,2016-10-16,116.8862,117.0203
699-96-52B,2016-11-15,117.302,117.3381
699-96-52B,2016-12-16,117.4714,117.7511
699-96-52B,2017-01-16,117.6536,117.9937
699-96-52B,2017-02-14,117.5174,118.0082
699-96-52B,2017-03-16,117.8135,118.2155
699-96-52B,2017-04-15,118.5797,118.8665
699-96-52B,2017-05-16,118.9961,119.4817
699-96-52B,2017-06-15,119.0188,119.6006
699-96-52B,2017-07-16,118.013,118.7968
699-96-52B,2017-08-16,117.3591,117.7988
699-96-52B,2017-09-15,117.2614,117.3178
699-96-52B,2017-10-16,116.9994,116.9645
699-96-52B,2017-11-15,116.9563,116.9326
699-96-52B,2017-12-16,117.2502,117.3104
699-96-52B,2018-01-16,117.5449,117.7721
699-96-52B,2018-02-14,117.9179,118.2201
699-96-52B,2018-03-16,117.6993,118.178
699-96-52B,2018-04-15,117.8168,118.1444
699-96-52B,2018-05-16,119.296,119.315
699-96-52B,2018-06-15,118.8115,119.583
699-96-52B,2018-07-16,118.0075,118.518
699-96-52B,2018-08-16,117.5786,117.8321
699-96-52B,2018-09-15,117.0671,117.2556
699-96-52B,2018-10-16,116.8708,116.9008
699-96-52B,2018-11-15,117.23,117.1258
699-96-52B,2018-12-16,117.2031,117.3647
699-96-52B,2019-01-16,117.2209,117.4101
699-96-52B,2019-02-14,117.2162,117.4558
699-96-52B,2019-03-16,117.014,117.2871
699-96-52B,2019-04-15,116.886,117.1559
699-96-52B,2019-05-16,117.6386,117.7276
699-96-52B,2019-06-15,117.6062,118.0793
699-96-52B,2019-07-16,117.2379,117.6812
699-96-52B,2019-08-16,117.2411,117.447
699-96-52B,2019-09-15,116.7161,117.04
699-96-52B,2019-10-16,116.5647,116.6643
699-96-52B,2019-11-15,117.0411,117.0174
699-96-52B,2019-12-16,117.1086,117.3422
699-96-52B,2020-01-16,117.2007,117.1941
699-96-52B,2020-02-14,117.4919,117.2059
699-96-52B,2020-03-16,117.1445,117.0355
699-96-52B,2020-04-15,116.9365,116.7321
699-96-52B,2020-05-16,117.9835,117.5132
699-96-52B,2020-06-15,118.6058,118.4642
699-96-52B,2020-07-16,118.3078,118.3361
699-96-52B,2020-08-16,117.7284,117.6812
699-96-52B,2020-09-15,117.0865,116.9598
699-96-52B,2020-10-16,116.9821,116.5104
699-96-52B,2020-11-15,117.3027,116.7384
699-96-52B,2020-12-16,117.2781,117.0074
699-97-51A,2014-01-31,117.415,117.6797
699-97-51A,2014-03-16,117.346,117.6572
699-97-51A,2014-06-15,118.186,118.7462
699-97-51A,2014-08-16,117.861,118.3937
699-97-51A,2014-09-15,117.628,117.9268
699-97-51A,2014-11-15,117.344,117.4296
699-97-51A,2014-12-16,117.494,117.5889
699-97-51A,2015-02-14,117.735,118.1484
699-97-51A,2015-03-16,117.814,118.2705
699-97-51A,2015-05-16,117.573,118.065
699-97-51A,2015-06-15,117.642,118.0248
699-97-51A,2015-08-16,117.598,117.8556
699-97-51A,2015-09-15,117.383,117.6875
699-97-51A,2015-11-15,117.275,117.4027
699-97-51A,2015-12-16,117.417,117.488
699-97-51A,2016-02-15,117.425,117.6262
699-97-51A,2016-03-16,117.498,117.7471
699-97-51A,2016-06-15,117.7485,118.2394
699-97-51A,2016-09-15,117.409,117.5711
699-97-51A,2016-10-16,,117.3333
699-97-51A,2016-12-16,117.418,117.6155
699-97-51A,2017-03-16,117.585,118.0378
699-97-51A,2017-06-15,119.078,119.3723
699-97-51A,2018-11-15,117.626,117.461
699-97-51A,2019-03-16,117.483,117.5302
699-97-51A,2019-10-16,117.285,117.239
699-97-51A,2020-03-16,117.63,117.3696
699-97-51A,2020-10-16,117.46,117.2118
699-98-51,2014-02-14,117.176,117.3934
699-98-51,2014-03-16,117.216,117.5298
699-98-51,2014-06-15,118.492,118.8949
699-98-51,2014-08-16,117.685,118.2799
699-98-51,2014-09-15,117.369,117.6485
699-98-51,2014-10-16,117.2752,117.1875
699-98-51,2014-11-15,117.559,117.2029
699-98-51,2014-12-16,117.553,117.4976
699-98-51,2015-01-16,117.7539,117.8762
699-98-51,2015-02-14,117.8555,118.212
699-98-51,2015-03-16,117.825,118.2903
699-98-51,2015-05-16,117.571,117.955
699-98-51,2015-08-16,117.555,117.6987
699-98-51,2015-09-15,117.3629,117.4741
699-98-51,2015-11-15,117.3283,117.2038
699-98-51,2015-12-16,117.3396,117.3596
699-98-51,2016-01-16,117.3453,117.4505
699-98-51,2016-02-15,117.3852,117.5496
699-98-51,2016-03-16,117.4824,117.7074
699-98-51,2016-04-15,117.7943,118.1113
699-98-51,2016-05-16,117.9196,118.3459
699-98-51,2016-06-15,117.7192,118.2225
699-98-51,2016-07-16,117.6113,118.0235
699-98-51,2016-08-16,117.4504,117.744
699-98-51,2016-09-15,117.2059,117.3621
699-98-51,2016-10-16,117.135,117.1223
699-98-51,2016-11-15,117.5016,117.2988
699-98-51,2016-12-16,117.4325,117.6337
699-98-51,2017-01-16,117.5611,117.8777
699-98-51,2017-02-14,117.5451,117.9305
699-98-51,2017-03-16,117.88,118.1194
699-98-51,2017-04-15,118.6221,118.7763
699-98-51,2017-05-16,119.167,119.4693
699-98-51,2017-06-15,119.1234,119.5977
699-98-51,2017-07-16,118.1468,118.8794
699-98-51,2017-08-16,117.6793,117.9897
699-98-51,2017-09-15,117.4421,117.5095
699-98-51,2017-10-16,117.2246,117.1521
699-98-51,2017-11-15,117.2247,117.0376
699-98-51,2017-12-16,117.3145,117.2691
699-98-51,2018-01-16,117.4785,117.6595
699-98-51,2018-02-14,117.7614,118.0844
699-98-51,2018-03-16,117.7401,118.1243
699-98-51,2018-04-15,117.7322,118.1138
699-98-51,2018-05-16,119.6901,119.2997
699-98-51,2018-06-15,118.8146,119.6242
699-98-51,2018-07-16,118.0842,118.6065
699-98-51,2018-08-16,117.7482,118.0018
699-98-51,2018-09-15,117.4618,117.4999
699-98-51,2018-10-16,117.2556,117.1363
699-98-51,2018-11-15,117.525,117.2023
699-98-51,2018-12-16,117.4606,117.3644
699-98-51,2019-01-16,117.4125,117.418
699-98-51,2019-02-14,117.4029,117.4602
699-98-51,2019-03-16,117.3299,117.3443
699-98-51,2019-04-15,117.1913,117.2278
699-98-51,2019-05-16,117.5294,117.6583
699-98-51,2019-06-15,117.6377,117.9922
699-98-51,2019-07-16,117.4414,117.7428
699-98-51,2019-08-16,117.4369,117.5407
699-98-51,2019-09-15,117.2317,117.2278
699-98-51,2019-10-16,117.0404,116.8959
699-98-51,2019-11-15,117.3109,117.0686
699-98-51,2019-12-16,117.4059,117.3208
699-98-51,2020-02-14,117.5664,117.2687
699-98-51,2020-03-16,117.4423,117.1584
699-98-51,2020-04-15,117.2433,116.9276
699-98-51,2020-05-16,117.9001,117.4885
699-98-51,2020-06-15,118.6797,118.3086
699-98-51,2020-07-16,118.302,118.3068
699-98-51,2020-08-16,117.7784,117.7992
699-98-51,2020-09-15,117.4775,117.2418
699-98-51,2020-10-16,117.3035,116.8204
699-98-51,2020-11-15,117.5779,116.8659
699-98-51,2020-12-16,117.5239,117.0552
199-H1-3,2017-11-15,116.8,116.8314
199-H1-3,2018-10-16,116.931,117.005
199-H1-3,2019-11-15,116.624,116.4458
199-H1-3,2020-11-15,116.86,116.6752
199-H1-5,2018-09-15,,118.1739
199-H1-5,2018-10-16,,117.9021
199-H1-5,2019-02-14,,117.7395
199-H4-82,2018-09-15,,118.5339
199-H4-82,2018-11-15,,118.2398
199-H4-82,2019-03-16,,118.0729
699-93-48A,2014-01-31,117.999,118.3907
699-93-48A,2014-02-14,118.008,118.3934
699-93-48A,2014-03-16,117.994,118.4
699-93-48A,2014-06-15,118.132,118.4932
699-93-48A,2014-08-16,118.279,118.6146
699-93-48A,2014-09-15,118.233,118.6284
699-93-48A,2014-11-15,118.088,118.572
699-93-48A,2014-12-16,118.039,118.5325
699-93-48A,2015-02-14,118.159,118.4795
699-93-48A,2015-03-16,118.093,118.4987
699-93-48A,2015-05-16,118.117,118.5411
699-93-48A,2015-06-15,118.113,118.5497
699-93-48A,2015-08-16,118.103,118.5405
699-93-48A,2015-09-15,118.094,118.5626
699-93-48A,2015-11-15,118.104,118.6182
699-93-48A,2015-12-16,118.1,118.5978
699-93-48A,2016-02-15,118.09,118.584
699-93-48A,2016-03-16,118.119,118.5867
699-93-48A,2016-05-16,118.197,118.6187
699-93-48A,2016-06-15,118.23,118.6361
699-93-48A,2016-09-15,118.133,118.6163
699-93-48A,2016-10-16,118.043,118.5721
699-93-48A,2017-03-16,118.075,118.4863
699-93-48A,2017-06-15,118.532,118.8046
699-93-48A,2017-09-15,118.506,118.9671
699-93-48A,2017-10-16,118.406,118.9256
699-93-48A,2018-03-16,118.31,118.7566
699-93-48A,2018-10-16,118.503,119.0005
699-93-48A,2019-03-16,118.303,118.7547
699-93-48A,2019-10-16,118.209,118.6897
699-93-48A,2020-03-16,118.23,118.5699
699-93-48A,2020-10-16,118.43,118.6711
699-95-48,2014-02-14,117.848,118.0604
699-95-48,2014-03-16,117.817,118.0595
699-95-48,2014-06-15,118.031,118.2379
699-95-48,2014-08-16,118.2,118.3999
699-95-48,2014-11-15,117.947,118.2531
699-95-48,2015-02-14,118.005,118.1913
699-95-48,2015-03-16,117.989,118.2378
699-95-48,2015-05-16,117.993,118.2821
699-95-48,2015-08-16,117.949,118.2878
699-95-48,2015-11-15,118.219,118.1681
699-95-48,2016-02-15,117.866,118.1039
699-95-48,2016-03-16,117.88,118.1166
699-95-48,2016-05-16,118.036,118.211
699-95-48,2016-10-16,117.75,118.1301
699-95-48,2017-03-16,117.819,118.0394
699-95-48,2017-10-16,118.126,118.5095
699-95-48,2018-03-16,118.042,118.3177
699-95-48,2018-10-16,118.234,118.5859
699-95-48,2019-03-16,118.031,118.2959
699-95-48,2019-10-16,117.968,118.2419
699-95-48,2020-03-16,117.99,118.0967
699-95-48,2020-10-16,118.13,118.246
699-97-45,2014-01-31,117.1821,117.0191
699-97-45,2014-02-14,117.1664,117.0153
699-97-45,2014-03-16,117.1432,117.0156
699-97-45,2014-04-15,117.1465,117.0359
699-97-45,2014-05-16,117.1955,117.0957
699-97-45,2014-06-15,117.3195,117.1899
699-97-45,2014-07-16,117.416,117.2955
699-97-45,2014-08-16,117.4272,117.3726
699-97-45,2014-09-15,117.3903,117.3933
699-97-45,2014-10-16,117.3207,117.3571
699-97-45,2014-11-15,117.2526,117.2978
699-97-45,2014-12-16,117.211,117.2444
699-97-45,2015-01-16,117.1952,117.2204
699-97-45,2015-02-14,117.1964,117.2331
699-97-45,2015-03-16,117.2423,117.2723
699-97-45,2015-04-15,117.2663,117.3085
699-97-45,2015-05-16,117.2413,117.3278
699-97-45,2015-06-15,117.2242,117.3323
699-97-45,2015-07-16,117.2139,117.3265
699-97-45,2015-08-16,117.2083,117.3152
699-97-45,2015-10-16,117.212,117.2835
699-97-45,2015-11-15,117.2021,117.2538
699-97-45,2015-12-16,117.2291,117.2351
699-97-45,2016-01-16,117.2226,117.2241
699-97-45,2016-02-15,117.2485,117.2255
699-97-45,2016-03-16,117.2722,117.2415
699-97-45,2016-04-15,117.2904,117.28
699-97-45,2016-05-16,117.3839,117.3602
699-97-45,2016-06-15,117.461,117.4522
699-97-45,2016-07-16,117.4899,117.5274
699-97-45,2016-08-16,117.475,117.5658
699-97-45,2016-09-15,117.4109,117.5407
699-97-45,2016-10-16,117.2953,117.4299
699-97-45,2016-11-15,117.1719,117.2995
699-97-45,2016-12-16,117.1082,117.205
699-97-45,2017-01-16,117.0849,117.1558
699-97-45,2017-02-14,117.0827,117.1365
699-97-45,2017-03-16,117.0849,117.1461
699-97-45,2017-04-15,117.287,117.2602
699-97-45,2017-05-16,117.6204,117.4985
699-97-45,2017-06-15,117.9402,117.751
699-97-45,2017-07-16,117.9838,117.9375
699-97-45,2017-08-16,117.8129,117.9563
699-97-45,2017-09-15,117.6115,117.8458
699-97-45,2017-10-16,117.5681,117.7525
699-97-45,2017-11-15,117.5374,117.6976
699-97-45,2017-12-16,117.4758,117.6274
699-97-45,2018-01-16,117.4465,117.5742
699-97-45,2018-02-14,117.4621,117.5659
699-97-45,2018-03-16,117.5266,117.5911
699-97-45,2018-04-15,117.5325,117.6261
699-97-45,2018-05-16,117.6683,117.7351
699-97-45,2018-06-15,117.9898,117.8807
699-97-45,2018-07-16,117.9375,117.9746
699-97-45,2018-08-16,117.8076,117.9862
699-97-45,2018-09-15,117.7217,117.9375
699-97-45,2018-10-16,117.6229,117.8471
699-97-45,2018-11-15,117.5198,117.7471
699-97-45,2018-12-16,117.493,117.6646
699-97-45,2019-01-16,117.453,117.5968
699-97-45,2019-02-14,117.4255,117.5451
699-97-45,2019-03-16,117.3958,117.4943
699-97-45,2019-04-15,117.3552,117.4354
699-97-45,2019-05-16,117.3193,117.3939
699-97-45,2019-06-15,117.3674,117.393
699-97-45,2019-07-16,117.3889,117.4069
699-97-45,2019-08-16,117.374,117.4142
699-97-45,2019-09-15,117.365,117.3978
699-97-45,2019-10-16,117.315,117.3443
699-97-45,2019-11-15,117.2829,117.2925
699-97-45,2019-12-16,117.2823,117.2595
699-97-45,2020-01-16,117.285,117.2486
699-97-45,2020-02-14,117.3082,117.2498
699-97-45,2020-03-16,117.3033,117.2385
699-97-45,2020-04-15,117.2777,117.2125
699-97-45,2020-05-16,117.2778,117.216
699-97-45,2020-06-15,117.4721,117.3154
699-97-45,2020-07-16,117.689,117.4597
699-97-45,2020-08-16,117.6436,117.516
699-97-45,2020-09-15,117.5388,117.4985
699-97-45,2020-10-16,117.4865,117.4601
699-97-45,2020-11-15,117.434,117.4208
699-97-45,2020-12-16,117.4165,117.3901
699-97-47B,2015-10-16,117.389,117.3909
699-97-47B,2016-01-16,117.38,117.2233
699-97-47B,2016-04-15,117.543,117.333
699-97-47B,2016-07-16,117.643,117.605
699-97-47B,2016-11-15,117.309,117.2969
699-97-47B,2017-02-14,117.41,117.3396
699-97-47B,2017-03-16,117.42,117.4104
699-97-47B,2017-05-16,118.006,117.7949
699-97-47B,2017-10-16,117.621,117.7577
699-97-47B,2018-02-14,117.588,117.4317
699-97-47B,2018-05-16,117.893,117.7878
699-97-47B,2018-11-15,117.652,117.6048
699-97-47B,2019-01-16,117.58,117.4395
699-97-47B,2019-03-16,117.544,117.3711
699-97-47B,2019-04-15,117.5006,117.3279
699-97-47B,2019-05-16,117.5238,117.3388
699-97-47B,2019-06-15,117.6649,117.4071
699-97-47B,2019-07-16,117.6692,117.4583
699-97-47B,2019-10-16,117.4917,117.3119
699-97-47B,2019-11-15,117.449,117.242
699-97-47B,2019-12-16,117.4919,117.2188
699-97-47B,2020-01-16,117.4741,117.2156
699-97-47B,2020-02-14,117.5362,117.2245
699-97-47B,2020-03-16,117.572,117.2212
699-97-47B,2020-04-15,117.4903,117.1859
699-97-47B,2020-05-16,117.5511,117.2103
699-97-47B,2020-06-15,117.9123,117.362
699-97-47B,2020-07-16,118.0867,117.5557
699-97-47B,2020-08-16,117.952,117.656
699-97-47B,2020-09-15,117.8362,117.6236
699-97-47B,2020-10-16,117.7044,117.4967
699-97-47B,2020-11-15,117.6354,117.3773
699-97-47B,2020-12-16,117.6504,117.3025
699-97-48B,2014-03-16,117.6,117.7669
699-97-48B,2014-10-16,117.72,118.027
699-97-48B,2015-01-16,117.6661,117.8343
699-97-48B,2015-02-14,117.7456,117.8827
699-97-48B,2015-03-16,117.8174,117.9543
699-97-48B,2015-04-15,117.8304,117.9964
699-97-48B,2015-05-16,117.7569,118.0059
699-97-48B,2015-06-15,117.7552,118.011
699-97-48B,2015-07-16,117.7306,118.0055
699-97-48B,2015-08-16,117.725,117.987
699-97-48B,2015-10-16,117.595,117.8524
699-97-48B,2015-11-15,117.5754,117.7831
699-97-48B,2015-12-16,117.6122,117.7408
699-97-48B,2016-01-16,117.6108,117.7197
699-97-48B,2016-02-15,117.6258,117.7191
699-97-48B,2016-03-16,117.6963,117.741
699-97-48B,2016-04-15,117.7791,117.8042
699-97-48B,2016-05-16,117.977,117.8971
699-97-48B,2016-06-15,117.9497,117.9647
699-97-48B,2016-07-16,117.9096,117.9923
699-97-48B,2016-08-16,117.7246,117.9643
699-97-48B,2016-09-15,117.5865,117.8827
699-97-48B,2016-10-16,117.4653,117.7705
699-97-48B,2016-11-15,117.4924,117.69
699-97-48B,2016-12-16,117.5284,117.6635
699-97-48B,2017-01-16,117.5961,117.678
699-97-48B,2017-02-14,117.6306,117.7198
699-97-48B,2017-03-16,117.741,117.7673
699-97-48B,2017-04-15,118.0243,117.8678
699-97-48B,2017-05-16,118.3389,118.0864
699-97-48B,2017-06-15,118.6968,118.323
699-97-48B,2017-07-16,118.4811,118.4506
699-97-48B,2017-08-16,118.1911,118.4184
699-97-48B,2017-09-15,117.9803,118.2979
699-97-48B,2017-10-16,117.79,118.1413
699-97-48B,2017-11-15,117.6929,117.9941
699-97-48B,2017-12-16,117.6898,117.8888
699-97-48B,2018-01-16,117.7612,117.8562
699-97-48B,2018-02-14,117.8842,117.8983
699-97-48B,2018-03-16,117.9458,117.9572
699-97-48B,2018-04-15,117.9266,118.0038
699-97-48B,2018-05-16,118.4127,118.1941
699-97-48B,2018-06-15,118.7823,118.422
699-97-48B,2018-07-16,118.4835,118.5038
699-97-48B,2018-08-16,118.2573,118.4667
699-97-48B,2018-09-15,118.0826,118.358
699-97-48B,2018-10-16,117.8963,118.2145
699-97-48B,2018-11-15,117.8622,118.1008
699-97-48B,2018-12-16,117.8558,118.0333
699-97-48B,2019-01-16,117.8242,117.9904
699-97-48B,2019-02-14,117.8075,117.9465
699-97-48B,2019-03-16,117.7711,117.8954
699-97-48B,2019-04-15,117.7079,117.86
699-97-48B,2019-05-16,117.8016,117.884
699-97-48B,2019-06-15,117.9486,117.9515
699-97-48B,2019-07-16,117.8808,117.9928
699-97-48B,2019-08-16,117.855,117.9787
699-97-48B,2019-09-15,117.7822,117.9239
699-97-48B,2019-10-16,117.6938,117.8428
699-97-48B,2019-11-15,117.7106,117.7801
699-97-48B,2019-12-16,117.7643,117.7526
699-97-48B,2020-01-16,117.7331,117.7371
699-97-48B,2020-02-14,117.8159,117.7298
699-97-48B,2020-03-16,117.8185,117.7154
699-97-48B,2020-04-15,117.7163,117.6777
699-97-48B,2020-05-16,117.8957,117.6928
699-97-48B,2020-06-15,118.3052,117.817
699-97-48B,2020-07-16,118.4776,117.9663
699-97-48B,2020-08-16,118.2708,118.025
699-97-48B,2020-09-15,118.0673,117.9863
699-97-48B,2020-10-16,117.9201,117.9
699-97-48B,2020-11-15,117.9126,117.8243
699-97-48B,2020-12-16,117.9266,117.7802
699-98-46,2014-02-14,116.918,116.7444
699-98-46,2014-03-16,116.919,116.7456
699-98-46,2014-06-15,117.359,117.1644
699-98-46,2014-08-16,117.307,117.347
699-98-46,2014-11-15,117.018,116.9525
699-98-46,2015-02-14,117.137,117.0363
699-98-46,2015-03-16,117.143,117.1657
699-98-46,2015-05-16,117.05,117.2499
699-98-46,2015-08-16,117.076,117.153
699-98-46,2015-11-15,116.976,116.8994
699-98-46,2016-02-15,116.939,116.8289
699-98-46,2016-03-16,116.963,116.8591
699-98-46,2016-05-16,117.281,117.0916
699-98-46,2016-11-15,116.972,116.9567
699-98-46,2017-02-14,117.085,117.0461
699-98-46,2017-03-16,117.097,117.1131
699-98-46,2017-05-16,117.724,117.5236
699-98-46,2017-10-16,117.165,117.3507
699-98-46,2018-02-14,117.167,117.1172
699-98-46,2018-03-16,117.315,117.195
699-98-46,2018-05-16,117.549,117.4926
699-98-46,2018-11-15,117.146,117.2038
699-98-46,2019-03-16,117.0945,117.0006
699-98-46,2019-05-16,117.038,116.9563
699-98-46,2019-10-16,117.009,116.887
699-98-46,2020-03-16,117.11,116.8431
699-98-46,2020-10-16,117.17,117.1321
699-98-49A,2014-01-31,117.317,117.4982
699-98-49A,2014-02-14,117.311,117.4455
699-98-49A,2014-03-16,117.287,117.4755
699-98-49A,2014-06-15,118.044,118.403
699-98-49A,2014-08-16,117.814,118.2607
699-98-49A,2014-11-15,117.3,117.3577
699-98-49A,2014-12-16,117.401,117.4189
699-98-49A,2015-02-14,117.72,117.8608
699-98-49A,2015-03-16,117.717,118.0088
699-98-49A,2015-05-16,117.504,117.9045
699-98-49A,2015-06-15,117.558,117.8617
699-98-49A,2015-08-16,117.507,117.7136
699-98-49A,2015-11-15,117.228,117.2846
699-98-49A,2015-12-16,117.334,117.3175
699-98-49A,2016-02-15,117.355,117.4328
699-98-49A,2016-03-16,117.407,117.5326
699-98-49A,2016-06-15,117.6915,118.0236
699-98-49A,2016-11-15,117.311,117.2681
699-98-49A,2016-12-16,117.344,117.4103
699-98-49A,2017-03-16,117.513,117.8153
699-98-49A,2017-04-15,118.0853,118.1978
699-98-49A,2017-05-16,118.4436,118.7293
699-98-49A,2017-06-15,118.8235,119.0214
699-98-49A,2017-07-16,118.2758,118.7951
699-98-49A,2017-08-16,117.8555,118.2841
699-98-49A,2017-09-15,117.6186,117.8569
699-98-49A,2017-10-16,117.4355,117.4975
699-98-49A,2017-11-15,117.3374,117.2833
699-98-49A,2017-12-16,117.3586,117.2815
699-98-49A,2018-01-16,117.4487,117.4564
699-98-49A,2018-02-14,117.6316,117.7268
699-98-49A,2018-03-16,117.7137,117.8698
699-98-49A,2018-04-15,117.6594,117.9258
699-98-49A,2018-05-16,118.6073,118.575
699-98-49A,2018-06-15,118.8004,119.009
699-98-49A,2018-07-16,118.223,118.6733
699-98-49A,2018-08-16,117.9067,118.2646
699-98-49A,2018-09-15,117.6801,117.8755
699-98-49A,2018-10-16,117.4865,117.5348
699-98-49A,2018-11-15,117.5002,117.4116
699-98-49A,2018-12-16,117.5175,117.4262
699-98-49A,2019-01-16,117.471,117.4533
699-98-49A,2019-02-14,117.4546,117.4759
699-98-49A,2019-03-16,117.4204,117.4272
699-98-49A,2019-04-15,117.3269,117.3489
699-98-49A,2019-05-16,117.4705,117.5154
699-98-49A,2019-06-15,117.6532,117.7583
699-98-49A,2019-07-16,117.5448,117.7655
699-98-49A,2019-08-16,117.5081,117.6717
699-98-49A,2019-09-15,117.4688,117.4893
699-98-49A,2019-10-16,117.282,117.2558
699-98-49A,2019-11-15,117.2655,117.2274
699-98-49A,2019-12-16,117.2911,117.3285
699-98-49A,2020-01-16,117.4054,117.3541
699-98-49A,2020-02-14,117.5176,117.3693
699-98-49A,2020-03-16,117.5191,117.3252
699-98-49A,2020-04-15,117.3752,117.1993
699-98-49A,2020-06-15,118.2355,117.8772
699-98-49A,2020-07-16,118.2482,118.0902
699-98-49A,2020-08-16,117.8987,117.9346
699-98-49A,2020-09-15,117.6848,117.6316
699-98-49A,2020-10-16,117.4992,117.3087
699-98-49A,2020-11-15,117.5377,117.1848
699-98-49A,2020-12-16,117.5745,117.2155
699-99-44,2014-01-31,115.8935,115.8401
699-99-44,2014-02-14,115.8159,115.8094
699-99-44,2014-03-16,115.9644,115.8246
699-99-44,2014-04-15,116.3575,115.9486
699-99-44,2014-05-16,116.9375,116.1851
699-99-44,2014-06-15,117.1202,116.4261
699-99-44,2014-07-16,116.9693,116.5444
699-99-44,2014-08-16,116.4961,116.5001
699-99-44,2014-09-15,115.9214,116.3149
699-99-44,2014-10-16,115.6918,116.0902
699-99-44,2014-11-15,115.7503,115.9584
699-99-44,2014-12-16,115.8544,115.9401
699-99-44,2015-02-14,116.3941,116.2359
699-99-44,2015-03-16,116.3471,116.3893
699-99-44,2015-04-15,116.1977,116.4286
699-99-44,2015-05-16,116.0157,116.3983
699-99-44,2015-06-15,116.0493,116.3541
699-99-44,2015-07-16,115.9605,116.2968
699-99-44,2015-08-16,116.0338,116.2507
699-99-44,2015-09-15,115.7978,116.165
699-99-44,2015-10-16,115.6416,116.0298
699-99-44,2015-11-15,115.6759,115.9465
699-99-44,2015-12-16,115.7411,115.9167
699-99-44,2016-01-16,115.7724,115.9221
699-99-44,2016-02-15,115.8149,115.955
699-99-44,2016-03-16,115.9731,116.0187
699-99-44,2016-04-15,116.3331,116.1642
699-99-44,2016-05-16,116.5354,116.3338
699-99-44,2016-06-15,116.3714,116.4264
699-99-44,2016-07-16,116.2449,116.4463
699-99-44,2016-08-16,116.0485,116.3841
699-99-44,2016-09-15,115.7703,116.2485
699-99-44,2016-10-16,115.6665,116.1037
699-99-44,2016-11-15,115.8969,116.0531
699-99-44,2016-12-16,116.0374,116.0986
699-99-44,2017-01-16,116.2525,116.1963
699-99-44,2017-02-14,116.1501,116.2691
699-99-44,2017-03-16,116.396,116.3536
699-99-44,2017-04-15,117.2181,116.5538
699-99-44,2017-05-16,117.6481,116.8836
699-99-44,2017-06-15,117.7594,117.1654
699-99-44,2017-07-16,116.7707,117.1611
699-99-44,2017-08-16,116.2879,116.9096
699-99-44,2017-09-15,116.011,116.6299
699-99-44,2017-10-16,115.778,116.3646
699-99-44,2017-11-15,115.7246,116.1855
699-99-44,2017-12-16,115.8419,116.1299
699-99-44,2018-01-16,116.0813,116.1872
699-99-44,2018-02-14,116.4326,116.3199
699-99-44,2018-03-16,116.3303,116.4131
699-99-44,2018-04-15,116.3476,116.4692
699-99-44,2018-05-16,117.8537,116.8235
699-99-44,2018-06-15,117.4591,117.1491
699-99-44,2018-07-16,116.6972,117.0846
699-99-44,2018-08-16,116.331,116.862
699-99-44,2018-09-15,115.9837,116.6013
699-99-44,2018-10-16,115.7627,116.346
699-99-44,2018-11-15,115.8522,116.203
699-99-44,2018-12-16,115.863,116.1401
699-99-44,2019-01-16,115.8415,116.1178
699-99-44,2019-02-14,115.8483,116.1253
699-99-44,2019-03-16,115.775,116.0973
699-99-44,2019-04-15,115.6526,116.0393
699-99-44,2019-05-16,116.1363,116.1032
699-99-44,2019-06-15,116.2744,116.2232
699-99-44,2019-07-16,115.9846,116.233
699-99-44,2019-08-16,115.939,116.1745
699-99-44,2019-09-15,115.7253,116.0521
699-99-44,2019-10-16,115.5962,115.8977
699-99-44,2019-11-15,115.7525,115.8552
699-99-44,2019-12-16,115.9044,115.8939
699-99-44,2020-01-16,115.9304,115.944
699-99-44,2020-02-14,116.091,116.0196
699-99-44,2020-03-16,115.9409,116.0371
699-99-44,2020-04-15,115.7224,115.9813
699-99-44,2020-05-16,116.5388,116.1151
699-99-44,2020-06-15,117.2765,116.4526
699-99-44,2020-07-16,116.9805,116.6808
699-99-44,2020-08-16,116.4682,116.6689
699-99-44,2020-09-15,116.1228,116.5013
699-99-44,2020-10-16,115.9268,116.266
699-99-44,2020-11-15,116.0554,116.1246
699-99-44,2020-12-16,116.0705,116.0795
199-D5-125,2014-03-16,118.408,118.3768
199-D5-125,2014-06-15,118.827,118.8835
199-D5-125,2014-09-15,118.692,118.8901
199-D5-125,2014-12-16,118.645,118.6401
199-D5-125,2015-03-16,118.622,118.6124
199-D5-125,2015-06-15,118.56,118.5737
199-D5-125,2015-09-15,118.363,118.3516
199-D5-125,2015-12-16,118.152,118.0389
199-D5-125,2016-03-16,118.268,118.0747
199-D5-125,2016-06-15,118.498,118.3893
199-D5-125,2016-12-16,118.317,118.2298
199-D5-125,2017-12-16,118.19,118.3099
199-D5-125,2018-12-16,118.13,118.106
199-D5-125,2019-12-16,117.924,117.8602
199-D5-125,2020-12-16,118.21,117.8547
199-D5-126,2014-03-16,118.185,118.1397
199-D5-126,2014-06-15,118.636,118.547
199-D5-126,2014-09-15,118.479,118.5609
199-D5-126,2014-12-16,118.409,118.2518
199-D5-126,2015-01-16,118.459,118.2646
199-D5-126,2015-02-14,118.3441,118.2033
199-D5-126,2015-03-16,118.3904,118.1109
199-D5-126,2015-04-15,118.3789,118.075
199-D5-126,2015-05-16,118.3239,118.0424
199-D5-126,2015-06-15,118.2913,118.0144
199-D5-126,2015-07-16,118.2318,117.9526
199-D5-126,2015-08-16,118.158,117.874
199-D5-126,2015-09-15,118.0859,117.7553
199-D5-126,2015-10-16,117.9659,117.5886
199-D5-126,2015-11-15,117.8837,117.4731
199-D5-126,2015-12-16,117.8535,117.4059
199-D5-126,2016-01-16,117.7963,117.408
199-D5-126,2016-02-15,117.7961,117.4296
199-D5-126,2016-03-16,117.8469,117.4593
199-D5-126,2016-04-15,117.9748,117.6165
199-D5-126,2016-05-16,118.1093,117.7698
199-D5-126,2016-06-15,118.1224,117.8114
199-D5-126,2016-07-16,118.137,117.8369
199-D5-126,2016-08-16,118.0947,117.8266
199-D5-126,2016-09-15,117.9898,117.7342
199-D5-126,2016-10-16,117.8606,117.6202
199-D5-126,2016-11-15,117.8765,117.5875
199-D5-126,2016-12-16,118.0266,117.6617
199-D5-126,2017-01-16,118.2247,117.8262
199-D5-126,2017-02-14,118.2055,117.9058
199-D5-126,2017-03-16,118.2236,117.9391
199-D5-126,2017-04-15,118.3809,118.0789
199-D5-126,2017-05-16,118.5181,118.2844
199-D5-126,2017-06-15,118.7562,118.4968
199-D5-126,2017-07-16,118.7756,118.5469
199-D5-126,2017-08-16,118.5918,118.4068
199-D5-126,2017-09-15,118.3479,118.2081
199-D5-126,2017-10-16,118.1455,117.9727
199-D5-126,2017-11-15,118.0437,117.8165
199-D5-126,2017-12-16,118.0514,117.765
199-D5-126,2018-01-16,118.0845,117.7903
199-D5-126,2018-02-14,118.1947,117.8897
199-D5-126,2018-03-16,118.2707,117.9732
199-D5-126,2018-04-15,118.4563,118.1269
199-D5-126,2018-05-16,118.4403,118.3447
199-D5-126,2018-06-15,118.6289,118.4311
199-D5-126,2018-07-16,118.5343,118.3804
199-D5-126,2018-08-16,118.3564,118.2275
199-D5-126,2018-09-15,118.1944,118.0398
199-D5-126,2018-10-16,117.9787,117.8436
199-D5-126,2018-11-15,117.795,117.6886
199-D5-126,2018-12-16,117.7819,117.5991
199-D5-126,2019-01-16,117.7664,117.5795
199-D5-126,2019-02-14,117.7448,117.5754
199-D5-126,2019-03-16,117.6881,117.5454
199-D5-126,2019-04-15,117.8062,117.6033
199-D5-126,2019-05-16,117.8994,117.7618
199-D5-126,2019-06-15,118.0389,117.8779
199-D5-126,2019-07-16,117.8228,117.7872
199-D5-126,2019-08-16,117.6991,117.5996
199-D5-126,2019-09-15,117.6731,117.5017
199-D5-126,2019-10-16,117.5784,117.4188
199-D5-126,2019-11-15,117.5604,117.3775
199-D5-126,2019-12-16,117.6109,117.3803
199-D5-126,2020-01-16,117.5898,117.358
199-D5-126,2020-02-14,117.638,117.3202
199-D5-126,2020-03-16,117.6782,117.2755
199-D5-126,2020-04-15,117.6747,117.2299
199-D5-126,2020-05-16,117.7533,117.2867
199-D5-126,2020-06-15,117.942,117.4678
199-D5-126,2020-07-16,118.2614,117.7915
199-D5-126,2020-08-16,118.3308,117.9477
199-D5-126,2020-09-15,118.0727,117.7364
199-D5-126,2020-10-16,117.8967,117.4782
199-D5-126,2020-11-15,117.8436,117.3744
199-D5-126,2020-12-16,117.8817,117.3393
199-D5-13,2014-01-31,117.705,117.8285
199-D5-13,2014-02-14,117.746,117.818
199-D5-13,2014-04-15,117.672,117.9212
199-D5-13,2014-06-15,118.178,118.3958
199-D5-13,2014-07-16,118.225,118.4877
199-D5-13,2014-09-15,117.825,118.1821
199-D5-13,2014-11-15,117.517,117.8066
199-D5-13,2014-12-16,117.654,117.8032
199-D5-13,2015-01-16,117.815,117.9008
199-D5-13,2015-03-16,117.831,117.9808
199-D5-13,2015-04-15,117.801,117.9365
199-D5-13,2015-06-15,117.3665,117.8361
199-D5-13,2015-09-15,116.95,117.28
199-D5-13,2015-10-16,116.886,117.0288
199-D5-13,2015-12-16,116.781,116.869
199-D5-13,2016-01-16,116.856,116.9115
199-D5-13,2016-03-16,116.874,117.01
199-D5-13,2016-04-15,117.09,117.2243
199-D5-13,2016-06-15,117.306,117.4653
199-D5-13,2016-07-16,117.355,117.4601
199-D5-13,2016-09-15,117.081,117.2631
199-D5-13,2016-10-16,116.95,117.1584
199-D5-13,2016-12-16,117.202,117.3286
199-D5-13,2017-03-16,117.5912,117.772
199-D5-13,2017-04-15,117.9181,117.9791
199-D5-13,2017-05-16,118.1375,118.3064
199-D5-13,2017-06-15,118.4904,118.5844
199-D5-13,2017-07-16,118.3235,118.5458
199-D5-13,2017-08-16,118.0055,118.2464
199-D5-13,2017-09-15,117.7497,117.9554
199-D5-13,2017-10-16,117.4595,117.6548
199-D5-13,2017-11-15,117.2516,117.4468
199-D5-13,2017-12-16,117.3472,117.4144
199-D5-13,2018-01-16,117.4703,117.5133
199-D5-13,2018-02-14,117.6579,117.6943
199-D5-13,2018-03-16,117.7341,117.8085
199-D5-13,2018-04-15,117.7265,117.8806
199-D5-13,2018-05-16,117.7471,118.0915
199-D5-13,2018-06-15,118.0535,118.2101
199-D5-13,2018-07-16,117.6729,118.0237
199-D5-13,2018-08-16,117.3973,117.711
199-D5-13,2018-09-15,117.1748,117.4321
199-D5-13,2018-10-16,116.9285,117.1937
199-D5-13,2018-11-15,116.8533,117.0755
199-D5-13,2018-12-16,116.8884,117.0437
199-D5-13,2019-01-16,116.8904,117.0584
199-D5-13,2019-02-14,116.8769,117.0764
199-D5-13,2019-03-16,116.8229,117.0393
199-D5-13,2019-04-15,116.7929,117.0463
199-D5-13,2019-05-16,116.9621,117.1956
199-D5-13,2019-06-15,117.1514,117.3365
199-D5-13,2019-07-16,116.9353,117.2694
199-D5-13,2019-08-16,116.7885,117.1108
199-D5-13,2019-09-15,116.6947,116.9671
199-D5-13,2019-10-16,116.571,116.8356
199-D5-13,2019-11-15,116.7469,116.8683
199-D5-13,2019-12-16,116.7681,116.9439
199-D5-13,2020-08-16,118.0457,117.6904
199-D5-13,2020-09-15,117.2497,117.2964
199-D5-13,2020-10-16,116.8532,116.8453
199-D5-14,2014-01-31,118.4745,118.4113
199-D5-14,2014-02-14,118.2894,118.3798
199-D5-14,2014-03-16,118.2625,118.3846
199-D5-14,2014-04-15,118.3823,118.4743
199-D5-14,2014-05-16,118.5208,118.6181
199-D5-14,2014-06-15,118.6795,118.772
199-D5-14,2014-07-16,118.7376,118.8867
199-D5-14,2014-08-16,118.7549,118.9112
199-D5-14,2014-09-15,118.5961,118.8351
199-D5-14,2014-10-16,118.5091,118.7166
199-D5-14,2014-11-15,118.47,118.6356
199-D5-14,2014-12-16,118.4794,118.5965
199-D5-14,2015-01-16,118.5253,118.6001
199-D5-14,2015-02-14,118.4934,118.6081
199-D5-14,2015-03-16,118.5418,118.605
199-D5-14,2015-04-15,118.5352,118.6023
199-D5-14,2015-05-16,118.4845,118.5936
199-D5-14,2015-06-15,118.4444,118.5765
199-D5-14,2015-07-16,118.4002,118.5364
199-D5-14,2015-08-16,118.3418,118.4831
199-D5-14,2015-09-15,118.2916,118.4031
199-D5-14,2015-10-16,118.1873,118.2903
199-D5-14,2015-11-15,118.0966,118.1939
199-D5-14,2015-12-16,118.0643,118.1262
199-D5-14,2016-01-16,118.0952,118.1057
199-D5-14,2016-02-15,118.0988,118.1124
199-D5-14,2016-03-16,118.1479,118.1417
199-D5-14,2016-04-15,118.2127,118.2331
199-D5-14,2016-05-16,118.3643,118.3462
199-D5-14,2016-06-15,118.411,118.418
199-D5-14,2016-07-16,118.4204,118.4595
199-D5-14,2016-08-16,118.386,118.4642
199-D5-14,2016-09-15,118.3051,118.4053
199-D5-14,2016-10-16,118.1592,118.3023
199-D5-14,2016-11-15,118.1469,118.2443
199-D5-14,2016-12-16,118.2384,118.2678
199-D5-14,2017-01-16,118.3897,118.3548
199-D5-14,2017-02-14,118.4292,118.4261
199-D5-14,2017-03-16,118.4508,118.4824
199-D5-14,2017-04-15,118.5785,118.5917
199-D5-14,2017-05-16,118.7242,118.7518
199-D5-14,2017-06-15,118.9243,118.9181
199-D5-14,2017-07-16,119.0098,118.9978
199-D5-14,2017-08-16,118.8431,118.9305
199-D5-14,2017-09-15,118.6172,118.7779
199-D5-14,2017-10-16,118.4227,118.5882
199-D5-14,2017-11-15,118.3257,118.4459
199-D5-14,2017-12-16,118.3165,118.3848
199-D5-14,2018-01-16,118.3363,118.3884
199-D5-14,2018-02-14,118.4113,118.4405
199-D5-14,2018-03-16,118.5001,118.4998
199-D5-14,2018-04-15,118.5795,118.5757
199-D5-14,2018-05-16,118.6402,118.7313
199-D5-14,2018-06-15,118.8439,118.8651
199-D5-14,2018-07-16,118.8196,118.8886
199-D5-14,2018-08-16,118.6757,118.8152
199-D5-14,2018-09-15,118.5285,118.683
199-D5-14,2018-10-16,118.3186,118.5174
199-D5-14,2018-11-15,118.1398,118.3776
199-D5-14,2018-12-16,118.0953,118.2795
199-D5-14,2019-01-16,118.0636,118.2262
199-D5-14,2019-02-14,118.034,118.1923
199-D5-14,2019-03-16,117.9755,118.1464
199-D5-14,2019-04-15,118.0009,118.1313
199-D5-14,2019-05-16,118.0682,118.1892
199-D5-14,2019-06-15,118.1963,118.2707
199-D5-14,2019-07-16,118.1168,118.2761
199-D5-14,2019-08-16,118.0258,118.2155
199-D5-14,2019-09-15,117.9818,118.1478
199-D5-14,2019-10-16,117.8868,118.0603
199-D5-14,2019-11-15,117.8482,118.0032
199-D5-14,2019-12-16,117.8972,117.9884
199-D5-14,2020-01-16,117.8841,117.9707
199-D5-14,2020-02-14,117.924,117.9452
199-D5-14,2020-03-16,117.9674,117.9153
199-D5-14,2020-04-15,117.9637,117.8864
199-D5-14,2020-05-16,118.0233,117.9197
199-D5-14,2020-06-15,118.1789,118.0411
199-D5-14,2020-07-16,118.3986,118.2026
199-D5-14,2020-08-16,118.4425,118.2894
199-D5-14,2020-09-15,118.3596,118.2378
199-D5-14,2020-10-16,118.1939,118.1078
199-D5-14,2020-11-15,118.108,118.0139
199-D5-14,2020-12-16,118.1234,117.9617
199-D5-143,2015-08-16,118.132,118.2204
199-D5-143,2015-11-15,117.813,117.8618
199-D5-143,2016-02-15,117.847,117.8029
199-D5-143,2016-05-16,118.162,118.0944
199-D5-143,2016-11-15,117.96,117.9497
199-D5-143,2018-11-15,117.869,118.0226
199-D5-143,2019-11-15,117.597,117.6899
199-D5-143,2020-11-15,117.89,117.7044
199-D5-15,2015-08-16,118.791,119.0207
199-D5-15,2015-09-15,118.73,118.9488
199-D5-15,2015-12-16,118.5335,118.6853
199-D5-15,2016-03-16,118.5995,118.7048
199-D5-15,2016-06-15,118.874,118.9765
199-D5-15,2016-09-15,118.842,118.964
199-D5-15,2016-12-16,118.703,118.8106
199-D5-15,2017-03-16,118.902,119.0146
199-D5-15,2017-06-15,119.299,119.3972
199-D5-15,2017-09-15,118.998,119.2566
199-D5-15,2017-12-16,118.508,118.8922
199-D5-15,2018-03-16,118.915,118.9971
199-D5-15,2019-03-16,118.328,118.5402
199-D5-15,2019-11-15,118.266,118.4379
199-D5-15,2020-03-16,118.33,118.3802
199-D5-15,2020-11-15,118.48,118.4733
199-D5-16,2015-09-15,118.621,119.0422
199-D5-16,2015-12-16,118.467,118.8328
199-D5-16,2016-03-16,118.5435,118.8306
199-D5-16,2016-06-15,118.7935,119.0438
199-D5-16,2016-09-15,118.784,119.0954
199-D5-16,2016-12-16,118.5925,118.9329
199-D5-16,2017-03-16,118.764,119.0707
199-D5-16,2017-06-15,119.203,119.386
199-D5-16,2017-09-15,118.833,119.3395
199-D5-16,2017-12-16,118.487,119.0444
199-D5-16,2018-03-16,118.841,119.093
199-D5-16,2018-12-16,118.577,118.9556
199-D5-16,2019-03-16,118.442,118.7665
199-D5-16,2019-12-16,118.333,118.6377
199-D5-16,2020-03-16,118.4,118.5816
199-D5-16,2020-12-16,118.56,118.6436
199-D5-41,2014-01-31,117.908,117.9078
199-D5-41,2014-03-16,117.7585,117.903
199-D5-41,2014-04-15,118.0695,118.0996
199-D5-41,2014-05-16,118.3245,118.4029
199-D5-41,2014-06-15,118.459,118.653
199-D5-41,2014-07-16,118.436,118.7185
199-D5-41,2014-08-16,118.335,118.597
199-D5-41,2014-09-15,118.071,118.3166
199-D5-41,2014-10-16,117.853,118.0283
199-D5-41,2014-11-15,117.756,117.9199
199-D5-41,2014-12-16,117.97,117.9755
199-D5-41,2015-05-16,118.023,118.2467
199-D5-41,2015-11-15,118.006,117.4742
199-D5-41,2017-11-15,117.612,117.7103
199-D5-41,2018-11-15,117.309,117.5124
199-D5-41,2019-03-16,117.2579,117.4506
199-D5-41,2019-04-15,117.1575,117.3986
199-D5-41,2019-05-16,117.3438,117.5357
199-D5-41,2019-06-15,117.5224,117.7104
199-D5-41,2019-07-16,117.338,117.677
199-D5-41,2019-08-16,117.2277,117.5629
199-D5-41,2019-09-15,117.0996,117.4095
199-D5-41,2019-10-16,116.9481,117.23
199-D5-41,2019-11-15,117.0628,117.217
199-D5-41,2019-12-16,117.1656,117.2954
199-D5-41,2020-01-16,117.1144,117.2722
199-D5-41,2020-02-14,117.2334,117.2295
199-D5-41,2020-03-16,117.1877,117.1628
199-D5-41,2020-04-15,117.0751,117.0702
199-D5-41,2020-07-16,118.1551,117.9769
199-D5-41,2020-08-16,118.2425,117.9943
199-D5-41,2020-09-15,117.6887,117.6475
199-D5-41,2020-10-16,117.3483,117.2591
199-D5-41,2020-11-15,117.3776,117.1338
199-D5-41,2020-12-16,117.4741,117.1717
199-D6-3,2014-02-14,,118.9796
199-D6-3,2014-03-16,118.4,118.9369
199-D6-3,2014-06-15,118.796,119.1421
199-D6-3,2014-08-16,118.809,119.2
199-D6-3,2014-11-15,118.555,119.137
199-D6-3,2015-02-14,118.649,119.0746
199-D6-3,2015-03-16,118.698,119.1014
199-D6-3,2015-05-16,118.668,119.1473
199-D6-3,2015-08-16,118.61,119.1406
199-D6-3,2015-11-15,118.435,119.0381
199-D6-3,2016-02-15,118.452,119.0127
199-D6-3,2016-03-16,118.492,119.0295
199-D6-3,2016-05-16,118.672,119.0544
199-D6-3,2016-11-15,118.486,119.213
199-D6-3,2017-03-16,118.663,119.1238
199-D6-3,2017-04-15,118.8221,119.2095
199-D6-3,2017-05-16,118.9601,119.2779
199-D6-3,2017-06-15,119.1707,119.3731
199-D6-3,2017-07-16,119.2521,119.5287
199-D6-3,2017-08-16,118.9421,119.4599
199-D6-3,2017-09-15,118.7511,119.2626
199-D6-3,2017-10-16,118.6268,119.1769
199-D6-3,2017-11-15,118.6911,119.2265
199-D6-3,2017-12-16,118.6617,119.2933
199-D6-3,2018-01-16,118.6878,119.3033
199-D6-3,2018-02-14,118.6889,119.2835
199-D6-3,2018-03-16,118.8032,119.2844
199-D6-3,2018-04-15,118.7962,119.323
199-D6-3,2018-05-16,118.9656,119.3938
199-D6-3,2018-06-15,119.1436,119.4367
199-D6-3,2018-07-16,119.1455,119.4809
199-D6-3,2018-08-16,119.0419,119.5598
199-D6-3,2018-09-15,118.9072,119.5486
199-D6-3,2018-10-16,118.7466,119.4716
199-D6-3,2018-11-15,118.6237,119.389
199-D6-3,2018-12-16,118.5697,119.3081
199-D6-3,2019-01-16,118.528,119.2426
199-D6-3,2019-02-14,118.4966,119.1894
199-D6-3,2019-03-16,118.4475,119.1371
199-D6-3,2019-04-15,118.3942,119.0816
199-D6-3,2019-05-16,118.4241,119.0505
199-D6-3,2019-06-15,118.5123,119.0583
199-D6-3,2019-07-16,118.5335,119.0924
199-D6-3,2019-08-16,118.5078,119.127
199-D6-3,2019-09-15,118.4448,119.1156
199-D6-3,2019-10-16,118.3816,119.0745
199-D6-3,2019-11-15,118.3449,119.0332
199-D6-3,2019-12-16,118.38,118.9954
199-D6-3,2020-01-16,118.372,118.9666
199-D6-3,2020-02-14,118.4101,118.9459
199-D6-3,2020-03-16,118.4372,118.9259
199-D6-3,2020-04-15,118.3963,118.8977
199-D6-3,2020-05-16,118.4549,118.8908
199-D6-3,2020-06-15,118.6135,118.9253
199-D6-3,2020-07-16,118.6572,118.871
199-D6-3,2020-08-16,118.5856,118.8492
199-D6-3,2020-09-15,118.7274,118.992
199-D6-3,2020-10-16,118.6087,119.0695
199-D6-3,2020-11-15,118.533,119.0467
199-D6-3,2020-12-16,118.5405,119.0261
199-D8-101,2014-02-14,117.576,118.2018
199-D8-101,2014-03-16,117.414,118.2117
199-D8-101,2014-04-15,117.957,118.3451
199-D8-101,2014-07-16,117.962,118.857
199-D8-101,2014-10-16,117.186,118.0929
199-D8-101,2015-01-16,117.969,118.1737
199-D8-101,2015-03-16,118.167,118.492
199-D8-101,2015-04-15,118.11,118.4606
199-D8-101,2015-07-16,117.691,118.2611
199-D8-101,2016-01-16,117.499,117.779
199-D8-101,2016-03-16,117.686,117.9159
199-D8-101,2016-04-15,118.191,118.1175
199-D8-101,2016-07-16,117.819,118.2531
199-D8-101,2016-10-16,117.147,117.6221
199-D8-101,2017-03-16,117.8589,118.0204
199-D8-101,2017-04-15,118.5719,118.3122
199-D8-101,2017-05-16,118.9372,118.7215
199-D8-101,2017-06-15,119.1375,118.9797
199-D8-101,2017-07-16,118.6332,118.836
199-D8-101,2017-09-15,117.2797,118.13
199-D8-101,2017-10-16,117.1486,117.8593
199-D8-101,2017-11-15,117.1767,117.7193
199-D8-101,2017-12-16,117.4132,117.7498
199-D8-101,2018-01-16,117.7536,117.8746
199-D8-101,2018-02-14,118.0689,118.0477
199-D8-101,2018-03-16,117.954,118.1189
199-D8-101,2018-04-15,117.9762,118.1463
199-D8-101,2018-05-16,119.1256,118.5874
199-D8-101,2018-06-15,118.9589,118.9357
199-D8-101,2018-07-16,118.304,118.7515
199-D8-101,2018-08-16,117.9155,118.4227
199-D8-101,2018-09-15,117.4876,118.13
199-D8-101,2018-10-16,117.2435,117.9054
199-D8-101,2018-11-15,117.4611,117.8364
199-D8-101,2018-12-16,117.48,117.8437
199-D8-101,2019-01-16,117.4748,117.8469
199-D8-101,2019-02-14,117.4765,117.8544
199-D8-101,2019-03-16,117.3069,117.7978
199-D8-101,2019-04-15,117.0465,117.708
199-D8-101,2019-05-16,117.8193,117.7863
199-D8-101,2019-06-15,117.7899,117.92
199-D8-101,2019-07-16,117.4998,117.8836
199-D8-101,2019-08-16,117.4783,117.7932
199-D8-101,2019-09-15,117.0855,117.6419
199-D8-101,2019-10-16,116.8879,117.456
199-D8-101,2019-11-15,117.204,117.4423
199-D8-101,2019-12-16,117.3452,117.5193
199-D8-101,2020-01-16,117.3979,117.5211
199-D8-101,2020-02-14,117.7024,117.5187
199-D8-101,2020-03-16,117.4557,117.4577
199-D8-101,2020-04-15,117.1648,117.3246
199-D8-101,2020-05-16,118.016,117.4913
199-D8-101,2020-06-15,118.6329,117.8825
199-D8-101,2020-07-16,118.4705,118.1088
199-D8-101,2020-08-16,117.9796,118.0254
199-D8-101,2020-09-15,117.44,117.7214
199-D8-101,2020-10-16,117.2133,117.4292
199-D8-101,2020-11-15,117.4434,117.3296
199-D8-101,2020-12-16,117.5202,117.3251
199-D8-102,2016-07-16,117.202,117.3592
199-D8-102,2016-10-16,116.627,116.8971
199-D8-102,2017-02-14,117.3985,117.3546
199-D8-102,2017-03-16,117.2865,117.4561
199-D8-102,2017-04-15,117.584,117.6994
199-D8-102,2017-05-16,117.837,118.0316
199-D8-102,2017-06-15,118.257,118.2705
199-D8-102,2017-07-16,117.895,118.2033
199-D8-102,2017-09-15,117.352,117.6031
199-D8-102,2017-10-16,116.953,117.3089
199-D8-102,2017-11-15,116.828,117.0775
199-D8-102,2017-12-16,116.652,117.0163
199-D8-102,2018-01-16,117.089,117.1024
199-D8-102,2018-02-14,117.383,117.2896
199-D8-102,2018-03-16,117.367,117.4104
199-D8-102,2018-04-15,117.414,117.4796
199-D8-102,2018-06-15,117.9985,118.068
199-D8-102,2018-07-16,117.566,117.9284
199-D8-102,2018-08-16,117.313,117.6436
199-D8-102,2018-09-15,116.962,117.367
199-D8-102,2018-10-16,116.697,117.123
199-D8-102,2019-03-16,116.763,116.9637
199-D8-102,2019-05-16,116.833,117.0669
199-D8-102,2019-10-16,116.476,116.7662
199-D8-4,2014-01-31,117.424,117.5857
199-D8-4,2014-03-16,117.293,117.5837
199-D8-4,2014-04-15,117.533,117.8113
199-D8-4,2014-06-15,118.122,118.4786
199-D8-4,2014-07-16,118.07,118.4772
199-D8-4,2014-09-15,117.412,117.8148
199-D8-4,2014-10-16,117.116,117.4424
199-D8-4,2014-12-16,117.391,117.4913
199-D8-4,2015-01-16,117.6,117.724
199-D8-4,2015-03-16,117.715,118.0069
199-D8-4,2015-04-15,117.656,117.9129
199-D8-4,2015-06-15,117.512,117.7726
199-D8-4,2015-07-16,117.381,117.6562
199-D8-4,2015-09-15,116.885,117.3103
199-D8-4,2015-12-16,116.897,117.0171
199-D8-4,2016-01-16,116.957,117.0864
199-D8-4,2016-03-16,117.014,117.2661
199-D8-4,2016-04-15,117.43,117.5463
199-D8-4,2016-06-15,117.385,117.7757
199-D8-4,2016-07-16,117.324,117.6887
199-D8-4,2016-09-15,116.979,117.2651
199-D8-4,2016-11-15,117.031,117.1374
199-D8-4,2016-12-16,117.164,117.3523
199-D8-4,2017-02-14,117.601,117.7193
199-D8-4,2017-03-16,117.572,117.8644
199-D8-4,2017-05-16,118.483,118.6874
199-D8-4,2017-06-15,118.68,118.9487
199-D8-4,2017-09-15,117.379,117.7119
199-D8-4,2017-11-15,117.015,117.1579
199-D8-4,2018-02-14,117.722,117.7535
199-D8-4,2018-03-16,117.686,117.855
199-D8-4,2018-05-16,118.464,118.459
199-D8-4,2018-10-16,116.707,117.0528
199-D8-4,2019-03-16,116.6495,117.1031
199-D8-4,2019-05-16,116.989,117.2843
199-D8-4,2019-10-16,116.475,116.7779
199-D8-5,2014-01-31,117.199,117.4926
199-D8-5,2014-03-16,117.1835,117.4482
199-D8-5,2014-06-15,117.9985,118.4782
199-D8-5,2014-09-15,117.036,117.5609
199-D8-5,2014-12-16,117.2371,117.3416
199-D8-5,2015-01-16,117.457,117.6605
199-D8-5,2015-02-14,117.572,117.914
199-D8-5,2015-03-16,117.5068,117.9788
199-D8-5,2015-04-15,117.333,117.8303
199-D8-5,2015-05-16,117.1857,117.7114
199-D8-5,2015-06-15,117.188,117.6698
199-D8-5,2015-07-16,117.0664,117.5452
199-D8-5,2015-08-16,117.0953,117.4439
199-D8-5,2015-09-15,116.7632,117.2342
199-D8-5,2015-10-16,116.6224,116.9503
199-D8-5,2015-11-15,116.7436,116.9395
199-D8-5,2015-12-16,116.8045,117.0476
199-D8-5,2016-01-16,116.8634,117.1301
199-D8-5,2016-02-15,116.9006,117.2153
199-D8-5,2016-03-16,117.0585,117.349
199-D8-5,2016-04-15,117.4341,117.6939
199-D8-5,2016-05-16,117.5282,117.9233
199-D8-5,2016-06-15,117.3438,117.8555
199-D8-5,2016-07-16,117.2637,117.7141
199-D8-5,2016-08-16,117.0296,117.4906
199-D8-5,2016-09-15,116.6468,117.1625
199-D8-5,2016-10-16,116.6235,116.9428
199-D8-5,2016-11-15,116.9089,117.0508
199-D8-5,2016-12-16,117.0651,117.3117
199-D8-5,2017-01-16,117.2995,117.5387
199-D8-5,2017-02-14,117.2431,117.6219
199-D8-5,2017-03-16,117.4041,117.7917
199-D8-5,2017-04-15,118.1072,118.2681
199-D8-5,2017-05-16,118.4205,118.8228
199-D8-5,2017-06-15,118.61,119.0573
199-D8-5,2017-07-16,117.7996,118.6018
199-D8-5,2017-08-16,117.2283,117.871
199-D8-5,2017-09-15,116.9354,117.4125
199-D8-5,2017-10-16,116.6668,117.0672
199-D8-5,2017-11-15,116.6613,116.9276
199-D8-5,2017-12-16,116.9022,117.0795
199-D8-5,2018-01-16,117.1405,117.3794
199-D8-5,2018-02-14,117.4481,117.7311
199-D8-5,2018-03-16,117.3247,117.7992
199-D8-5,2018-04-15,117.4465,117.8346
199-D8-5,2018-05-16,118.7039,118.6782
199-D8-5,2018-06-15,118.4518,119.0282
199-D8-5,2018-07-16,117.5832,118.3538
199-D8-5,2018-08-16,117.1208,117.7426
199-D8-5,2018-09-15,116.6491,117.2425
199-D8-5,2018-10-16,116.4604,116.8916
199-D8-5,2018-11-15,116.6968,116.9071
199-D8-5,2018-12-16,116.7155,117.0315
199-D8-5,2019-01-16,116.7385,117.091
199-D8-5,2019-02-14,116.7482,117.1355
199-D8-5,2019-03-16,116.6075,117.05
199-D8-5,2019-04-15,116.5218,116.9699
199-D8-5,2019-05-16,117.0972,117.3022
199-D8-5,2019-06-15,117.1601,117.5799
199-D8-5,2019-07-16,116.8174,117.401
199-D8-5,2019-08-16,116.7814,117.2113
199-D8-5,2019-09-15,116.4011,116.9365
199-D8-5,2019-10-16,116.2641,116.6444
199-D8-5,2019-11-15,116.5707,116.7492
199-D8-5,2019-12-16,116.6663,116.9521
199-D8-54A,2014-12-16,,117.4677
199-D8-54A,2015-02-14,,118.1231
199-D8-54A,2015-05-16,,117.8486
199-D8-54A,2015-07-16,,117.6465
199-D8-54A,2015-08-16,117.6133,117.5406
199-D8-54A,2015-09-15,117.1554,117.2611
199-D8-54A,2015-10-16,117.0691,116.9123
199-D8-54A,2015-11-15,117.3037,116.9896
199-D8-54A,2015-12-16,117.3559,117.1692
199-D8-54A,2016-01-16,117.4026,117.2754
199-D8-54A,2016-02-15,117.4967,117.3835
199-D8-54A,2016-03-16,117.6774,117.5362
199-D8-54A,2016-04-15,118.0915,117.9487
199-D8-54A,2016-05-16,118.0796,118.1858
199-D8-54A,2016-06-15,117.935,118.0604
199-D8-54A,2016-07-16,117.7391,117.8594
199-D8-54A,2016-08-16,117.4904,117.5733
199-D8-54A,2016-09-15,117.0295,117.1525
199-D8-54A,2016-10-16,117.0929,116.917
199-D8-54A,2016-11-15,117.4497,117.1277
199-D8-54A,2016-12-16,117.639,117.4736
199-D8-54A,2017-01-16,117.8504,117.747
199-D8-54A,2017-02-14,117.686,117.7935
199-D8-54A,2017-03-16,117.9679,117.9462
199-D8-54A,2017-05-16,118.2955,119.0969
199-D8-54A,2017-06-15,119.0698,119.3079
199-D8-54A,2017-07-16,118.0962,118.7249
199-D8-54A,2017-08-16,117.5184,117.8939
199-D8-54A,2017-09-15,117.2008,117.4206
199-D8-54A,2017-10-16,116.8558,117.0581
199-D8-54A,2017-11-15,116.8359,116.9687
199-D8-54A,2017-12-16,117.02,117.2194
199-D8-54A,2018-01-16,117.6055,117.5872
199-D8-54A,2018-02-14,118.0908,117.9869
199-D8-54A,2018-03-16,117.7563,118.0034
199-D8-54A,2018-04-15,117.8911,117.9847
199-D8-54A,2018-05-16,119.4254,118.9373
199-D8-54A,2018-06-15,118.8059,119.2608
199-D8-54A,2018-07-16,118.0139,118.4223
199-D8-54A,2018-08-16,117.6078,117.7502
199-D8-54A,2018-10-16,116.864,116.8701
199-D8-54A,2018-11-15,117.1265,116.9899
199-D8-54A,2018-12-16,117.276,117.1705
199-D8-54A,2019-01-16,117.1868,117.2126
199-D8-54A,2019-02-14,117.225,117.2527
199-D8-54A,2019-03-16,117.0033,117.1208
199-D8-54A,2019-04-15,116.9129,117.0043
199-D8-54A,2019-05-16,117.5487,117.4377
199-D8-54A,2019-07-16,117.486,117.4789
199-D8-54A,2019-08-16,117.2547,117.2455
199-D8-54A,2019-09-15,116.4694,116.8914
199-D8-54A,2019-10-16,116.385,116.5457
199-D8-54A,2019-11-15,117.0481,116.7758
199-D8-54A,2019-12-16,117.171,117.058
199-D8-54A,2020-02-14,117.6307,117.0752
199-D8-54A,2020-03-16,117.59,116.9562
199-D8-54A,2020-04-15,117.304,116.6083
199-D8-54A,2020-05-16,117.7958,117.1751
199-D8-54A,2020-06-15,118.6354,118.0357
199-D8-54A,2020-07-16,118.3274,118.139
199-D8-54A,2020-08-16,117.6732,117.6633
199-D8-54A,2020-09-15,117.1234,116.9401
199-D8-54A,2020-10-16,116.91,116.4382
199-D8-54A,2020-11-15,117.0847,116.534
199-D8-54A,2020-12-16,117.44,116.7338
199-D8-6,2017-11-15,117.467,117.1815
199-D8-6,2018-02-14,118.205,117.7597
199-D8-6,2018-05-16,118.991,118.4208
199-D8-6,2018-10-16,117.147,117.0475
199-D8-6,2019-02-14,117.374,117.1505
199-D8-6,2019-05-16,117.435,117.2646
199-D8-6,2019-10-16,116.898,116.7726
199-D8-6,2020-11-15,,116.6084
199-D8-70,2014-01-31,117.6353,117.7042
199-D8-70,2014-02-14,117.165,117.5678
199-D8-70,2014-03-16,117.305,117.7058
199-D8-70,2014-04-15,118.0258,118.1471
199-D8-70,2014-05-16,118.5755,118.6412
199-D8-70,2014-06-15,118.5644,118.925
199-D8-70,2014-07-16,118.2727,118.7942
199-D8-70,2014-08-16,117.791,118.4022
199-D8-70,2014-09-15,117.1164,117.7678
199-D8-70,2014-10-16,117.01,117.2956
199-D8-70,2014-11-15,117.3361,117.3286
199-D8-70,2014-12-16,117.631,117.6395
199-D8-70,2015-01-16,117.9301,117.9997
199-D8-70,2015-02-14,118.1528,118.3042
199-D8-70,2015-03-16,118.0516,118.3766
199-D8-70,2015-04-15,117.8113,118.1814
199-D8-70,2015-05-16,117.671,118.0485
199-D8-70,2015-06-15,117.6625,118.0128
199-D8-70,2015-07-16,117.5205,117.8668
199-D8-70,2015-08-16,117.6007,117.7644
199-D8-70,2015-09-15,117.1342,117.5018
199-D8-70,2015-10-16,117.0011,117.174
199-D8-70,2015-11-15,117.2329,117.2466
199-D8-70,2015-12-16,117.3119,117.4125
199-D8-70,2016-01-16,117.3848,117.4965
199-D8-70,2016-02-15,117.4877,117.5942
199-D8-70,2016-03-16,117.6389,117.7484
199-D8-70,2016-04-15,118.1731,118.1481
199-D8-70,2016-05-16,118.1323,118.3758
199-D8-70,2016-06-15,117.9623,118.2514
199-D8-70,2016-07-16,117.7559,118.0546
199-D8-70,2016-08-16,117.483,117.7607
199-D8-70,2016-09-15,116.9833,117.3483
199-D8-70,2016-10-16,117.0027,117.1164
199-D8-70,2016-11-15,117.3861,117.3188
199-D8-70,2016-12-16,117.6113,117.6507
199-D8-70,2017-01-16,117.8492,117.8805
199-D8-70,2017-02-14,117.6505,117.9201
199-D8-70,2017-03-16,117.9185,118.0939
199-D8-70,2017-04-15,118.6666,118.6448
199-D8-70,2017-05-16,119.0706,119.2281
199-D8-70,2017-06-15,119.1557,119.4089
199-D8-70,2017-07-16,118.1677,118.808
199-D8-70,2017-08-16,117.5791,117.9696
199-D8-70,2017-09-15,117.2569,117.4992
199-D8-70,2017-10-16,116.9152,117.1491
199-D8-70,2017-11-15,117.0413,117.0599
199-D8-70,2017-12-16,117.133,117.316
199-D8-70,2018-01-16,117.5827,117.6883
199-D8-70,2018-02-14,118.0725,118.0817
199-D8-70,2018-03-16,117.8008,118.1028
199-D8-70,2018-04-15,117.9214,118.0859
199-D8-70,2018-05-16,119.3648,119.0418
199-D8-70,2018-06-15,118.8757,119.3793
199-D8-70,2018-07-16,118.0941,118.5785
199-D8-70,2018-08-16,117.6477,117.9499
199-D8-70,2018-09-15,117.1096,117.4278
199-D8-70,2018-10-16,116.9141,117.0866
199-D8-70,2018-11-15,117.2591,117.2003
199-D8-70,2018-12-16,117.451,117.3816
199-D8-70,2019-01-16,117.2405,117.4327
199-D8-70,2019-02-14,117.3046,117.4712
199-D8-70,2019-03-16,117.0948,117.3453
199-D8-70,2019-04-15,116.9455,117.2249
199-D8-70,2019-05-16,117.7347,117.6361
199-D8-70,2019-06-15,117.6965,117.9447
199-D8-70,2019-07-16,117.3085,117.676
199-D8-70,2019-08-16,117.2996,117.466
199-D8-70,2019-09-15,116.7769,117.1398
199-D8-70,2019-10-16,116.6325,116.8175
199-D8-70,2019-11-15,117.2007,117.0283
199-D8-70,2019-12-16,117.237,117.283
199-D8-70,2020-01-16,117.3029,117.2135
199-D8-70,2020-02-14,117.6332,117.2399
199-D8-70,2020-03-16,117.1641,117.1024
199-D8-70,2020-04-15,117.0037,116.8222
199-D8-70,2020-05-16,118.0926,117.3878
199-D8-70,2020-06-15,118.7102,118.1971
199-D8-70,2020-07-16,118.3999,118.2406
199-D8-70,2020-08-16,117.8231,117.7639
199-D8-70,2020-09-15,117.1312,117.1269
199-D8-70,2020-10-16,116.9771,116.689
199-D8-70,2020-11-15,117.348,116.7868
199-D8-70,2020-12-16,117.5,116.9745
199-D8-71,2014-01-31,117.3788,117.5621
199-D8-71,2014-02-14,117.1007,117.4364
199-D8-71,2014-03-16,117.222,117.5766
199-D8-71,2014-04-15,118.0004,118.0111
199-D8-71,2014-05-16,118.621,118.5093
199-D8-71,2014-06-15,118.6464,118.8084
199-D8-71,2014-07-16,118.4354,118.6939
199-D8-71,2014-08-16,117.8837,118.3098
199-D8-71,2014-09-15,117.1351,117.6638
199-D8-71,2014-10-16,116.9145,117.1571
199-D8-71,2014-11-15,117.2081,117.18
199-D8-71,2014-12-16,117.6034,117.5175
199-D8-71,2015-01-16,117.9055,117.8817
199-D8-71,2015-02-14,118.1695,118.1749
199-D8-71,2015-03-16,118.0409,118.2491
199-D8-71,2015-04-15,117.7581,118.0513
199-D8-71,2015-05-16,117.6659,117.9085
199-D8-71,2015-06-15,117.6229,117.8643
199-D8-71,2015-07-16,117.4795,117.714
199-D8-71,2015-08-16,117.5663,117.6069
199-D8-71,2015-09-15,117.0717,117.3311
199-D8-71,2015-10-16,116.9303,116.9876
199-D8-71,2015-11-15,117.1748,117.0587
199-D8-71,2015-12-16,117.2572,117.2312
199-D8-71,2016-01-16,117.301,117.3286
199-D8-71,2016-02-15,117.4117,117.433
199-D8-71,2016-03-16,117.6259,117.5878
199-D8-71,2016-04-15,118.0701,118.0015
199-D8-71,2016-05-16,118.1292,118.2374
199-D8-71,2016-06-15,117.9393,118.1102
199-D8-71,2016-07-16,117.7219,117.9133
199-D8-71,2016-08-16,117.4449,117.6232
199-D8-71,2016-09-15,116.9131,117.2045
199-D8-71,2016-10-16,116.9506,116.9714
199-D8-71,2016-11-15,117.3481,117.1757
199-D8-71,2016-12-16,117.597,117.5095
199-D8-71,2017-01-16,117.8129,117.762
199-D8-71,2017-02-14,117.6409,117.8102
199-D8-71,2017-03-16,117.9245,117.9747
199-D8-71,2017-04-15,118.708,118.5203
199-D8-71,2017-05-16,119.111,119.1107
199-D8-71,2017-06-15,119.1564,119.31
199-D8-71,2017-07-16,118.1198,118.7254
199-D8-71,2017-08-16,117.5258,117.8923
199-D8-71,2017-09-15,117.2027,117.4164
199-D8-71,2017-10-16,116.8537,117.0543
199-D8-71,2017-11-15,116.9953,116.9604
199-D8-71,2017-12-16,117.3431,117.2135
199-D8-71,2018-01-16,117.6628,117.583
199-D8-71,2018-02-14,118.0483,117.9795
199-D8-71,2018-03-16,117.7773,118.0006
199-D8-71,2018-04-15,117.9157,117.9819
199-D8-71,2018-05-16,119.4516,118.9258
199-D8-71,2018-06-15,118.8432,119.2651
199-D8-71,2018-07-16,118.0322,118.4595
199-D8-71,2018-08-16,117.5857,117.804
199-D8-71,2018-09-15,117.039,117.2716
199-D8-71,2018-10-16,116.8451,116.928
199-D8-71,2018-11-15,117.2289,117.044
199-D8-71,2018-12-16,117.2159,117.2253
199-D8-71,2019-01-16,117.2529,117.2744
199-D8-71,2019-02-14,117.2557,117.3146
199-D8-71,2019-03-16,117.0231,117.1888
199-D8-71,2019-04-15,116.8833,117.0736
199-D8-71,2019-05-16,117.728,117.4878
199-D8-71,2019-06-15,117.6747,117.8004
199-D8-71,2019-07-16,117.2627,117.5279
199-D8-71,2019-08-16,117.2518,117.3027
199-D8-71,2019-09-15,116.69,116.9677
199-D8-71,2019-10-16,116.5217,116.6412
199-D8-71,2019-11-15,117.0296,116.8533
199-D8-71,2019-12-16,117.1411,117.1149
199-D8-71,2020-01-16,117.2584,117.06
199-D8-71,2020-02-14,117.6272,117.1266
199-D8-71,2020-03-16,117.1832,116.9913
199-D8-71,2020-04-15,116.94,116.6625
199-D8-71,2020-05-16,118.1145,117.2177
199-D8-71,2020-06-15,118.7485,118.0517
199-D8-71,2020-07-16,118.3977,118.15
199-D8-71,2020-08-16,117.7987,117.6892
199-D8-71,2020-09-15,117.0481,116.9927
199-D8-71,2020-10-16,116.8842,116.5082
199-D8-71,2020-11-15,117.2817,116.599
199-D8-71,2020-12-16,117.335,116.791
9-199-D5-153,2014-04-15,,117.9157
9-199-D5-154,2014-04-15,,118.2087
699-88-41A,2016-11-15,116.938,116.7103
699-88-41A,2017-02-14,116.919,116.6957
699-88-41A,2017-03-16,116.933,116.7619
699-88-41A,2017-04-15,116.939,116.8568
699-88-41A,2017-05-16,116.9509,116.9501
699-88-41A,2017-06-15,116.9805,117.0511
699-88-41A,2017-07-16,117.0151,117.0885
699-88-41A,2017-08-16,117.0537,117.0308
699-88-41A,2017-09-15,117.0875,116.9434
699-88-41A,2017-10-16,117.116,116.8959
699-88-41A,2017-11-15,117.1356,116.8614
699-88-41A,2017-12-16,117.1347,116.8131
699-88-41A,2018-01-16,117.126,116.8029
699-88-41A,2018-02-14,117.1152,116.8239
699-88-41A,2018-03-16,117.1125,116.886
699-88-41A,2018-04-15,117.1126,116.9247
699-88-41A,2018-05-16,117.1155,116.9975
699-88-41A,2018-06-15,117.1341,117.1034
699-88-41A,2018-07-16,117.1539,117.1164
699-88-41A,2018-08-16,117.1782,117.0562
699-88-41A,2018-09-15,117.2008,116.9753
699-88-41A,2018-10-16,117.2144,116.9221
699-88-41A,2018-11-15,117.218,116.903
699-88-41A,2018-12-16,117.2153,116.8714
699-88-41A,2019-01-16,117.2043,116.8423
699-88-41A,2019-02-14,117.1944,116.823
699-88-41A,2019-03-16,117.1784,116.827
699-88-41A,2019-04-15,117.1666,116.804
699-88-41A,2019-05-16,117.1478,116.7772
699-88-41A,2019-06-15,117.1296,116.794
699-88-41A,2019-07-16,117.1281,116.7892
699-88-41A,2019-08-16,117.1329,116.7708
699-88-41A,2019-09-15,117.133,116.7419
699-88-41A,2019-10-16,117.1261,116.7203
699-88-41A,2019-11-15,117.1153,116.7136
699-88-41A,2020-01-16,117.0919,116.6266
699-88-41A,2020-02-14,117.0891,116.6899
699-88-41A,2020-03-16,117.07,116.7276
699-88-41A,2020-10-16,117.07,116.8506
699-88-41A,2020-12-16,117.08,116.8016
699-90-45,2014-01-31,118.022,118.1218
699-90-45,2014-03-16,118.027,118.2063
699-90-45,2014-05-16,118.001,118.1606
699-90-45,2014-06-15,118.011,118.1456
699-90-45,2014-09-15,118.068,118.224
699-90-45,2014-10-16,118.0575,118.2508
699-90-45,2014-12-16,118.058,118.194
699-90-45,2015-03-16,118.033,118.109
699-90-45,2015-05-16,118.037,118.143
699-90-45,2015-06-15,118.048,118.1479
699-90-45,2015-09-15,118.035,118.0744
699-90-45,2015-10-16,118.025,118.1757
699-90-45,2015-12-16,118.029,118.1324
699-90-45,2016-03-16,118.011,118.134
699-90-45,2016-05-16,118.004,118.1784
699-90-45,2016-06-15,118.17,118.1562
699-90-45,2016-09-15,118.025,118.1762
699-90-45,2016-10-16,118.081,118.1884
699-90-45,2016-11-15,118.068,118.207
699-90-45,2016-12-16,118.042,118.1785
699-90-45,2017-03-16,118.035,118.1267
699-90-45,2017-05-16,118.24,118.3089
699-90-45,2017-06-15,118.318,118.4035
699-90-45,2017-09-15,118.377,118.4695
699-90-45,2017-10-16,118.354,118.4882
699-90-45,2018-03-16,118.404,118.4627
699-90-45,2018-10-16,118.45,118.5183
699-90-45,2019-03-16,118.381,118.48
699-90-45,2019-10-16,118.393,118.4659
699-90-45,2020-03-16,118.34,118.4117
699-91-46A,2014-01-31,118.08,118.223
699-91-46A,2014-03-16,118.064,118.2898
699-91-46A,2014-05-16,118.058,118.2524
699-91-46A,2014-06-15,118.075,118.2496
699-91-46A,2014-09-15,118.154,118.3414
699-91-46A,2014-10-16,118.1355,118.3647
699-91-46A,2014-12-16,118.114,118.3173
699-91-46A,2015-03-16,118.086,118.229
699-91-46A,2015-05-16,118.121,118.2649
699-91-46A,2015-06-15,118.114,118.2705
699-91-46A,2015-09-15,117.985,118.2152
699-91-46A,2015-10-16,118.116,118.2991
699-91-46A,2015-12-16,118.107,118.2668
699-91-46A,2016-03-16,118.093,118.2546
699-91-46A,2016-05-16,118.104,118.2911
699-91-46A,2016-06-15,118.131,118.2761
699-91-46A,2016-09-15,118.12,118.3068
699-91-46A,2016-10-16,118.1195,118.301
699-91-46A,2016-12-16,118.103,118.2789
699-91-46A,2017-03-16,118.097,118.2231
699-91-46A,2017-05-16,118.228,118.3363
699-91-46A,2017-06-15,118.303,118.4207
699-91-46A,2017-09-15,118.27,118.5596
699-91-46A,2017-10-16,118.444,118.5772
699-91-46A,2018-03-16,118.393,118.5119
699-91-46A,2018-10-16,118.539,118.6281
699-91-46A,2019-03-16,118.441,118.5518
699-91-46A,2019-10-16,118.398,118.522
699-91-46A,2020-03-16,118.35,118.4553
699-92-49,2014-01-31,118.094,118.459
699-92-49,2014-06-15,118.207,118.5364
699-92-49,2014-12-16,118.125,118.5946
699-92-49,2015-06-15,118.19,118.5905
699-92-49,2015-12-16,118.157,118.643
699-92-49,2016-06-15,118.275,118.6634
699-92-49,2016-12-16,118.146,118.5874
699-92-49,2017-06-15,118.538,118.8145
699-89-35,2014-03-16,114.074,114.6541
699-89-35,2014-05-16,115.658,115.7407
699-89-35,2014-10-16,114.098,114.1542
699-89-35,2015-01-16,114.118,114.9595
699-89-35,2015-03-16,114.902,115.4186
699-89-35,2015-05-16,114.559,114.9984
699-89-35,2015-07-16,114.312,114.8009
699-89-35,2015-10-16,114.015,114.1834
699-89-35,2016-03-16,114.294,114.8439
699-89-35,2016-04-15,115.272,115.2413
699-89-35,2016-05-16,115.136,115.4886
699-89-35,2016-07-16,114.319,115.1311
699-89-35,2016-10-16,114.106,114.2615
699-89-35,2017-03-16,114.759,115.2753
699-89-35,2017-05-16,116.168,116.4946
699-89-35,2017-10-16,114.111,114.2562
699-89-35,2018-03-16,114.844,115.3282
699-89-35,2019-04-15,114.005,114.4158
699-89-35,2019-10-16,113.898,114.0354
699-89-35,2020-03-16,114.38,114.6896
699-89-35,2020-10-16,114.03,114.0394
199-D5-134,2014-03-16,117.69,118.1968
199-D5-134,2014-11-15,117.96,118.2364
199-D5-134,2014-12-16,117.99,118.281
199-D5-134,2015-01-16,118.1869,118.3647
199-D5-134,2015-02-14,118.3849,118.4559
199-D5-134,2015-03-16,118.3207,118.5028
199-D5-134,2015-04-15,118.1708,118.4726
199-D5-134,2015-05-16,118.0678,118.4358
199-D5-134,2015-06-15,118.037,118.4139
199-D5-134,2015-07-16,117.9254,118.3462
199-D5-134,2015-08-16,117.9797,118.273
199-D5-134,2015-09-15,117.6558,118.1494
199-D5-134,2015-10-16,117.5582,117.9932
199-D5-134,2015-11-15,117.6938,117.9393
199-D5-134,2015-12-16,117.795,117.935
199-D5-134,2016-01-16,117.8269,117.958
199-D5-134,2016-02-15,117.8683,117.9915
199-D5-134,2016-03-16,118.0103,118.0467
199-D5-134,2016-04-15,118.2819,118.2075
199-D5-134,2016-05-16,118.3567,118.3464
199-D5-134,2016-06-15,118.2398,118.3704
199-D5-134,2016-07-16,118.1107,118.3611
199-D5-134,2016-08-16,117.919,118.2965
199-D5-134,2016-09-15,117.5613,118.1438
199-D5-134,2016-10-16,117.5684,118.0142
199-D5-134,2016-11-15,117.8241,118.02
199-D5-134,2016-12-16,117.9781,118.1103
199-D5-134,2017-01-16,118.1382,118.2325
199-D5-134,2017-02-14,118.0618,118.3067
199-D5-134,2017-03-16,118.2672,118.3874
199-D5-134,2017-04-15,118.8083,118.5881
199-D5-134,2017-05-16,119.0738,118.8574
199-D5-134,2017-06-15,119.1836,119.0441
199-D5-134,2017-07-16,118.5237,118.9738
199-D5-134,2017-08-16,118.0861,118.7203
199-D5-134,2017-09-15,117.8527,118.4812
199-D5-134,2017-10-16,117.5854,118.2484
199-D5-134,2017-11-15,117.6387,118.1177
199-D5-134,2017-12-16,117.7856,118.1373
199-D5-134,2018-01-16,118.0881,118.2375
199-D5-134,2018-02-14,118.346,118.3732
199-D5-134,2018-03-16,118.1931,118.4264
199-D5-134,2018-04-15,118.2698,118.4651
199-D5-134,2018-05-16,119.2685,118.7774
199-D5-134,2018-06-15,118.9935,118.9764
199-D5-134,2018-07-16,118.4762,118.8265
199-D5-134,2018-08-16,118.1502,118.6099
199-D5-134,2018-09-15,117.753,118.3763
199-D5-134,2018-10-16,117.5922,118.1686
199-D5-134,2018-11-15,117.86,118.0941
199-D5-134,2019-03-16,117.86,117.9933
199-D5-134,2019-04-15,117.6208,117.947
199-D5-134,2019-05-16,118.1933,118.0666
199-D5-134,2019-06-15,118.1051,118.1957
199-D5-134,2019-07-16,117.8509,118.1485
199-D5-134,2019-08-16,117.8301,118.0613
199-D5-134,2019-09-15,117.5608,117.9351
199-D5-134,2019-10-16,117.345,117.7894
199-D5-134,2019-11-15,117.7187,117.7923
199-D5-134,2019-12-16,117.7209,117.8471
199-D5-134,2020-01-16,117.787,117.8155
199-D5-134,2020-02-14,117.9841,117.7912
199-D5-134,2020-03-16,117.7558,117.7358
199-D5-134,2020-04-15,117.6089,117.6512
199-D5-134,2020-05-16,118.357,117.8045
199-D5-134,2020-06-15,118.7917,118.1031
199-D5-134,2020-07-16,118.6173,118.2817
199-D5-134,2020-08-16,118.2411,118.2393
199-D5-134,2020-09-15,117.7537,118.0118
199-D5-134,2020-10-16,117.6112,117.7769
199-D5-134,2020-11-15,117.8619,117.7217
199-D5-134,2020-12-16,117.9009,117.7451
199-D5-141,2015-10-16,117.76,118.1592
199-D5-141,2016-03-16,118.27,118.2452
199-D5-141,2016-10-16,117.84,118.2299
199-D5-141,2017-03-16,118.49,118.6065
199-D5-141,2017-08-16,118.39,118.9069
199-D5-141,2017-10-16,117.845,118.3987
199-D5-141,2018-03-16,118.55,118.6121
199-D5-141,2018-10-16,117.845,118.3184
199-D5-141,2019-07-16,118.15,118.3166
199-D5-141,2019-10-16,117.65,117.9393
199-D5-141,2020-03-16,118.21,117.8995
199-D5-141,2020-10-16,117.885,117.921
199-D8-54B,2014-01-31,117.5436,117.7937
199-D8-54B,2014-02-14,117.3423,117.6978
199-D8-54B,2014-03-16,118.0785,117.7908
199-D8-54B,2014-04-15,118.1567,118.1111
199-D8-54B,2014-05-16,118.7178,118.5021
199-D8-54B,2014-06-15,118.7164,118.7611
199-D8-54B,2014-07-16,118.4873,118.705
199-D8-54B,2014-08-16,117.9946,118.4147
199-D8-54B,2014-09-15,117.3091,117.9067
199-D8-54B,2014-10-16,117.2035,117.5176
199-D8-54B,2014-11-15,117.3017,117.5308
199-D8-54B,2014-12-16,118.34,117.7607
199-D8-54B,2015-02-14,118.24,118.2615
199-D8-54B,2015-05-16,117.9004,118.0887
199-D8-54B,2015-06-15,117.8248,118.0531
199-D8-54B,2015-07-16,117.6327,117.9346
199-D8-54B,2015-08-16,117.6692,117.8434
199-D8-54B,2015-09-15,117.1761,117.6263
199-D8-54B,2015-10-16,117.0348,117.3524
199-D8-54B,2015-11-15,117.2768,117.3792
199-D8-54B,2015-12-16,117.3493,117.4909
199-D8-54B,2016-01-16,117.5104,117.5607
199-D8-54B,2016-03-16,117.65,117.7599
199-D8-54B,2016-06-15,117.84,118.2035
199-D8-54B,2016-07-16,117.828,118.071
199-D8-54B,2016-08-16,117.5558,117.8602
199-D8-54B,2016-09-15,117.0217,117.5363
199-D8-54B,2016-10-16,117.0486,117.3369
199-D8-54B,2016-11-15,117.4087,117.4717
199-D8-54B,2016-12-16,117.7773,117.7206
199-D8-54B,2017-01-16,117.9604,117.9217
199-D8-54B,2017-02-14,117.7389,117.979
199-D8-54B,2017-03-16,118.02,118.1148
199-D8-54B,2017-04-15,118.8706,118.533
199-D8-54B,2017-05-16,119.44,119.0086
199-D8-54B,2017-06-15,119.1517,119.2103
199-D8-54B,2017-07-16,118.251,118.8162
199-D8-54B,2017-08-16,117.7307,118.187
199-D8-54B,2017-09-15,117.4452,117.7911
199-D8-54B,2017-10-16,117.1504,117.4765
199-D8-54B,2017-11-15,117.2918,117.3727
199-D8-54B,2017-12-16,117.33,117.5462
199-D8-54B,2018-01-16,117.8391,117.8202
199-D8-54B,2018-02-14,118.2974,118.1191
199-D8-54B,2018-03-16,117.9556,118.1535
199-D8-54B,2018-04-15,118.1463,118.1578
199-D8-54B,2018-05-16,119.5402,118.8664
199-D8-54B,2018-06-15,118.8997,119.1618
199-D8-54B,2018-07-16,118.2114,118.6071
199-D8-54B,2018-08-16,117.8199,118.114
199-D8-54B,2018-09-15,117.3148,117.6862
199-D8-54B,2018-10-16,117.1761,117.3871
199-D8-54B,2018-11-15,117.52,117.4395
199-D8-54B,2018-12-16,117.54,117.5529
199-D8-54B,2019-01-16,117.4761,117.5787
199-D8-54B,2019-02-14,117.5252,117.6031
199-D8-54B,2019-03-16,117.3277,117.5012
199-D8-54B,2019-04-15,117.2999,117.4063
199-D8-54B,2019-05-16,117.9525,117.7114
199-D8-54B,2019-06-15,117.8826,117.9581
199-D8-54B,2019-07-16,117.5933,117.7738
199-D8-54B,2019-08-16,117.5097,117.606
199-D8-54B,2019-09-15,116.968,117.336
199-D8-54B,2019-10-16,116.89,117.0637
199-D8-54B,2019-11-15,117.4504,117.209
199-D8-54B,2020-02-14,117.94,117.3576
199-D8-54B,2020-03-16,117.62,117.2524
199-D8-54B,2020-04-15,117.2904,117.032
199-D8-54B,2020-05-16,118.1803,117.4422
199-D8-54B,2020-06-15,118.811,118.0778
199-D8-54B,2020-07-16,118.4868,118.196
199-D8-54B,2020-08-16,117.9399,117.8845
199-D8-54B,2020-09-15,117.3581,117.369
199-D8-54B,2020-10-16,117.2422,116.9729
199-D8-54B,2020-11-15,117.6044,117.0131
199-D8-54B,2020-12-16,117.6169,117.151
699-97-47D,2020-12-16,,117.4955
699-97-48C,2014-03-16,117.35,117.7203
699-97-48C,2014-10-16,117.42,117.9438
699-97-48C,2015-01-16,117.525,117.8261
699-97-48C,2015-02-14,117.6205,117.8992
699-97-48C,2015-03-16,117.6792,117.977
699-97-48C,2015-04-15,117.6599,118.0043
699-97-48C,2015-05-16,117.5749,117.9998
699-97-48C,2015-06-15,117.5681,117.9961
699-97-48C,2015-07-16,117.5258,117.9801
699-97-48C,2015-08-16,117.5135,117.9565
699-97-48C,2015-10-16,117.32,117.8026
699-97-48C,2016-03-16,117.41,117.7478
699-97-48C,2016-04-15,117.64,117.8312
699-97-48C,2016-11-15,117.21,117.6504
699-97-48C,2017-02-14,117.43,117.7093
699-97-48C,2017-03-16,117.5,117.7743
699-97-48C,2017-04-15,117.5,117.9153
699-97-48C,2017-05-16,118.2,118.1594
699-97-48C,2017-07-16,118.49,118.4691
699-97-48C,2017-10-16,117.66,118.0517
699-97-48C,2018-03-16,117.6,117.9616
699-97-48C,2018-05-16,118.01,118.2402
699-97-48C,2018-07-16,118.13,118.4937
699-97-48C,2018-10-16,117.6,118.1104
699-97-48C,2018-11-15,117.28,118.0052
699-97-48C,2019-02-14,117.3984,117.8848
699-97-48C,2019-03-16,117.3683,117.8369
699-97-48C,2019-04-15,117.3225,117.7883
699-97-48C,2019-05-16,117.3424,117.8191
699-97-48C,2019-06-15,117.4684,117.8959
699-97-48C,2019-07-16,117.4664,117.9213
699-97-48C,2019-08-16,117.4346,117.9055
699-97-48C,2019-09-15,117.3941,117.8469
699-97-48C,2019-10-16,117.3145,117.7536
699-97-48C,2019-11-15,117.2769,117.7037
699-97-48C,2019-12-16,117.302,117.6947
699-97-48C,2020-01-16,117.2907,117.6853
699-97-48C,2020-02-14,117.3483,117.6854
699-97-48C,2020-03-16,117.3825,117.6673
699-97-48C,2020-04-15,117.3067,117.6184
699-97-48C,2020-05-16,117.3537,117.6657
699-97-48C,2020-06-15,117.6577,117.8337
699-97-48C,2020-07-16,117.8339,117.9762
699-97-48C,2020-08-16,117.7241,117.9954
699-97-48C,2020-09-15,117.6343,117.9214
699-97-48C,2020-10-16,117.5127,117.8126
699-97-48C,2020-11-15,117.4475,117.7444
699-97-48C,2020-12-16,117.4594,117.7197
699-97-61,2015-08-16,117.64,118.0305
699-97-61,2015-10-16,117.42,117.8093
699-97-61,2016-01-16,117.5,117.7454
699-97-61,2016-04-15,117.83,117.9433
199-H1-50,2019-06-15,115.82,115.9976
199-H1-50,2019-07-16,115.55,115.873
199-H1-50,2019-08-16,115.52,115.7482
199-H1-50,2019-10-16,115.1,115.3338
199-H1-50,2019-11-15,115.05,115.4141
199-H1-50,2020-01-16,115.3,115.6086
199-H1-50,2020-02-14,115.4268,115.7484
199-H1-50,2020-03-16,115.3697,115.7181
199-H1-50,2020-04-15,115.224,115.5983
199-H1-50,2020-05-16,115.7965,115.9483
199-H1-50,2020-06-15,116.6678,116.4777
199-H1-50,2020-07-16,116.5893,116.5697
199-H1-50,2020-08-16,116.072,116.3178
199-H1-50,2020-09-15,115.7467,115.968
199-H1-50,2020-10-16,115.5299,115.6738
199-H1-50,2020-11-15,115.5124,115.651
199-H1-50,2020-12-16,115.4996,115.717
199-H2-1,2014-02-14,114.6,115.3273
199-H2-1,2014-03-16,114.88,115.4963
199-H2-1,2014-05-16,116.45,116.5029
199-H2-1,2014-08-16,115.95,116.2125
199-H2-1,2014-10-16,115.16,115.096
199-H2-1,2014-11-15,115.31,115.2205
199-H2-1,2014-12-16,115.364,115.5607
199-H2-1,2015-01-16,115.7497,115.9016
199-H2-1,2015-02-14,116.07,116.1738
199-H2-1,2015-03-16,116.07,116.2054
199-H2-1,2015-05-16,115.48,115.8533
199-H2-1,2015-08-16,,115.5334
199-H2-1,2015-09-15,,115.242
199-H2-1,2015-11-15,,115.0355
199-H2-1,2016-02-15,115.2256,115.4406
199-H2-1,2016-03-16,115.3643,115.607
199-H2-1,2016-04-15,116.0614,115.9924
199-H2-1,2016-05-16,115.8873,116.1916
199-H2-1,2016-06-15,115.6961,116.0534
199-H2-1,2016-07-16,115.4123,115.8352
199-H2-1,2016-08-16,115.2627,115.5411
199-H2-1,2016-09-15,114.6337,115.1342
199-H2-1,2016-10-16,114.7657,114.9415
199-H2-1,2016-11-15,115.3234,115.2059
199-H2-1,2016-12-16,115.4143,115.5522
199-H2-1,2017-01-16,115.6641,115.7672
199-H2-1,2017-02-14,115.4492,115.7966
199-H2-1,2017-03-16,116.017,115.9761
199-H2-1,2017-04-15,116.9178,116.5229
199-H2-1,2017-05-16,117.4001,117.0703
199-H2-1,2017-06-15,117.1339,117.2125
199-H2-1,2017-07-16,115.7333,116.5516
199-H2-1,2017-08-16,115.1903,115.7134
199-H2-1,2017-09-15,114.9096,115.2898
199-H2-1,2017-10-16,114.5205,114.9362
199-H2-1,2017-11-15,114.7758,114.8662
199-H2-1,2017-12-16,115.0696,115.1688
199-H2-1,2018-01-16,115.5009,115.5575
199-H2-1,2018-02-14,115.975,115.9467
199-H2-1,2018-03-16,115.4801,115.9389
199-H2-1,2018-04-15,115.846,115.9101
199-H2-1,2018-05-16,117.9087,116.8815
199-H2-1,2018-06-15,116.6176,117.1506
199-H2-1,2018-07-16,115.6602,116.2523
199-H2-1,2018-08-16,115.3007,115.6598
199-H2-1,2018-09-15,114.6828,115.1456
199-H2-1,2018-10-16,114.5359,114.7858
199-H2-1,2018-11-15,115.1009,114.9471
199-H2-1,2018-12-16,114.8622,115.1272
199-H2-1,2019-01-16,115.0208,115.1622
199-H2-1,2019-02-14,115.0009,115.2102
199-H2-1,2019-03-16,114.7601,115.1158
199-H2-1,2019-04-15,114.6212,115.0407
199-H2-1,2019-05-16,115.7326,115.5249
199-H2-1,2019-06-15,115.4618,115.8392
199-H2-1,2019-07-16,115.03,115.4742
199-H2-1,2019-08-16,115.0978,115.2098
199-H2-1,2019-09-15,114.4176,114.8381
199-H2-1,2019-10-16,114.2286,114.5235
199-H2-1,2019-11-15,114.9603,114.7855
199-H2-1,2019-12-16,114.9844,115.0274
199-H2-1,2020-01-16,115.2392,115.1637
199-H2-1,2020-02-14,115.4062,115.4522
199-H2-1,2020-03-16,114.8489,115.3611
199-H2-1,2020-04-15,114.6953,115.1122
199-H2-1,2020-05-16,116.3821,115.7826
199-H2-1,2020-06-15,116.9163,116.6097
199-H2-1,2020-07-16,116.1523,116.5526
199-H2-1,2020-08-16,115.4672,115.9907
199-H2-1,2020-09-15,114.7263,115.2906
199-H2-1,2020-10-16,114.61,114.8333
199-H2-1,2020-11-15,115.2797,115.0025
199-H2-1,2020-12-16,115.0979,115.238
199-H3-10,2014-02-14,114.99,114.9009
199-H3-10,2014-03-16,114.98,114.9552
199-H3-10,2014-05-16,115.47,115.4857
199-H3-10,2014-08-16,115.88,115.8401
199-H3-10,2014-10-16,115.29,115.3582
199-H3-10,2014-11-15,115.3324,115.3189
199-H3-10,2014-12-16,115.3072,115.3428
199-H3-10,2015-01-16,115.437,115.33
199-H3-10,2015-02-14,115.59,115.3767
199-H3-10,2015-03-16,115.6195,115.4096
199-H3-10,2015-04-15,115.553,115.3519
199-H3-10,2015-05-16,115.3227,115.3079
199-H3-10,2015-06-15,115.2222,115.2857
199-H3-10,2015-07-16,114.9727,115.1277
199-H3-10,2015-08-16,114.84,114.9199
199-H3-10,2015-11-15,114.51,114.5483
199-H3-10,2015-12-16,114.4343,114.5893
199-H3-10,2016-01-16,114.4322,114.6286
199-H3-10,2016-02-15,114.5203,114.6685
199-H3-10,2016-03-16,114.6955,114.7902
199-H3-10,2016-04-15,114.6083,114.8877
199-H3-10,2016-05-16,114.9759,115.0081
199-H3-10,2016-06-15,114.9133,115.1132
199-H3-10,2016-07-16,114.8429,115.0247
199-H3-10,2016-08-16,114.6861,114.8483
199-H3-10,2016-09-15,114.6317,114.6896
199-H3-10,2016-10-16,114.5306,114.5905
199-H3-10,2016-11-15,114.5917,114.5839
199-H3-10,2016-12-16,114.6315,114.6432
199-H3-10,2017-01-16,114.761,114.7253
199-H3-10,2017-02-14,114.7991,114.7951
199-H3-10,2017-03-16,114.8483,114.8975
199-H3-10,2017-04-15,115.2926,115.176
199-H3-10,2017-05-16,115.4857,115.5334
199-H3-10,2017-06-15,115.83,115.708
199-H3-10,2017-07-16,115.4913,115.5388
199-H3-10,2017-08-16,115.2216,115.4344
199-H3-10,2017-10-16,114.6575,115.0004
199-H3-10,2017-11-15,114.6048,114.5747
199-H3-10,2017-12-16,114.5968,114.5963
199-H3-10,2018-01-16,114.662,114.7036
199-H3-10,2018-02-14,114.7948,114.8627
199-H3-10,2018-03-16,114.8484,114.9778
199-H3-10,2018-04-15,114.7502,114.9499
199-H3-10,2018-05-16,115.5186,115.2309
199-H3-10,2018-06-15,115.5124,115.4367
199-H3-10,2018-07-16,115.1367,115.1581
199-H3-10,2018-08-16,114.9102,115.0139
199-H3-10,2018-09-15,114.6878,114.7945
199-H3-10,2018-10-16,114.422,114.448
199-H3-10,2018-11-15,114.3301,114.3225
199-H3-10,2018-12-16,114.2515,114.2794
199-H3-10,2019-01-16,114.2463,114.2567
199-H3-10,2019-02-14,114.2233,114.2612
199-H3-10,2019-03-16,114.1415,114.3229
199-H3-10,2019-04-15,114.118,114.3137
199-H3-10,2019-05-16,114.2209,114.4403
199-H3-10,2019-06-15,114.3086,114.5782
199-H3-10,2019-07-16,114.2441,114.4861
199-H3-10,2019-08-16,114.1345,114.3572
199-H3-10,2019-09-15,114.0104,114.2081
199-H3-10,2019-10-16,113.8379,114.1853
199-H3-10,2019-11-15,113.885,114.1806
199-H3-10,2019-12-16,113.9062,114.1595
199-H3-10,2020-01-16,114.1934,114.3781
199-H3-10,2020-02-14,114.4269,114.7008
199-H3-10,2020-03-16,114.4037,114.7828
199-H3-10,2020-04-15,114.4054,114.7052
199-H3-10,2020-05-16,114.5826,114.9193
199-H3-10,2020-06-15,115.1135,115.2633
199-H3-10,2020-07-16,115.2796,115.4955
199-H3-10,2020-08-16,114.8966,115.2764
199-H3-10,2020-09-15,114.5182,114.8079
199-H3-10,2020-10-16,114.3004,114.519
199-H3-10,2020-11-15,114.2125,114.4045
199-H3-10,2020-12-16,114.2029,114.3953
199-H3-12,2019-04-15,114.5,114.174
199-H3-12,2019-05-16,114.8174,114.4745
199-H3-12,2019-06-15,114.7717,114.7182
199-H3-12,2019-07-16,114.0688,114.271
199-H3-12,2019-08-16,113.4178,113.5227
199-H3-12,2019-09-15,113.0588,112.9692
199-H3-12,2019-10-16,112.7682,112.9358
199-H3-12,2019-11-15,112.9194,112.9404
199-H3-12,2019-12-16,112.964,112.8412
199-H3-12,2020-01-16,113.1357,113.0763
199-H3-12,2020-02-14,113.5094,113.4972
199-H3-12,2020-03-16,113.3074,113.6568
199-H3-12,2020-04-15,113.2014,113.4744
199-H3-12,2020-05-16,113.8909,113.7796
199-H3-12,2020-06-15,114.5821,114.2789
199-H3-12,2020-07-16,114.7822,114.5965
199-H3-12,2020-08-16,114.3062,114.3992
199-H3-12,2020-09-15,113.4596,113.6133
199-H3-12,2020-10-16,113.1707,113.0695
199-H3-12,2020-11-15,113.2477,112.9888
199-H3-12,2020-12-16,113.2188,113.0078
199-H3-13,2019-04-15,114.63,114.27
199-H3-13,2019-05-16,115.0151,114.7536
199-H3-13,2019-06-15,114.833,115.0539
199-H3-13,2019-07-16,113.9002,114.3993
199-H3-13,2019-08-16,113.4083,113.5766
199-H3-13,2019-09-15,112.8974,113.0271
199-H3-13,2019-10-16,112.5653,112.8833
199-H3-13,2019-11-15,112.866,112.9248
199-H3-13,2019-12-16,112.9044,112.8792
199-H3-13,2020-01-16,113.0139,113.0287
199-H3-13,2020-02-14,113.3982,113.3634
199-H3-13,2020-03-16,113.0674,113.4984
199-H3-13,2020-04-15,112.9407,113.2692
199-H3-13,2020-05-16,113.9108,113.6406
199-H3-13,2020-06-15,114.593,114.2238
199-H3-13,2020-07-16,114.6337,114.5118
199-H3-13,2020-08-16,114.1232,114.3145
199-H3-13,2020-09-15,113.1971,113.5186
199-H3-13,2020-10-16,112.9418,112.9682
199-H3-13,2020-11-15,113.1746,112.9669
199-H3-13,2020-12-16,113.1043,113.0358
199-H3-22,2019-05-16,,114.5622
199-H3-28,2018-01-16,,114.542
199-H3-29,2018-01-16,,114.658
199-H3-30,2018-05-16,,116.4113
199-H3-30,2018-06-15,116.5039,116.7536
199-H3-30,2018-07-16,115.5817,115.8722
199-H3-30,2018-08-16,115.2038,115.2737
199-H3-30,2018-09-15,114.5876,114.7517
199-H3-30,2018-10-16,114.445,114.3569
199-H3-30,2018-11-15,114.8774,114.4671
199-H3-30,2018-12-16,114.7488,114.6216
199-H3-30,2019-01-16,114.7856,114.6528
199-H3-30,2019-02-14,114.7742,114.6921
199-H3-30,2019-03-16,114.5772,114.617
199-H3-30,2019-04-15,114.21,114.5782
199-H3-30,2019-05-16,115.4605,115.079
199-H3-30,2019-06-15,115.2511,115.4107
199-H3-30,2019-07-16,114.7782,114.9969
199-H3-30,2019-08-16,114.7601,114.651
199-H3-30,2019-09-15,114.4988,114.2795
199-H3-30,2019-10-16,113.9952,113.9677
199-H3-30,2019-11-15,114.5701,114.1705
199-H3-30,2019-12-16,114.5281,114.3752
199-H3-30,2020-01-16,114.692,114.5004
199-H3-30,2020-02-14,115.0428,114.7729
199-H3-30,2020-03-16,114.5749,114.7298
199-H3-30,2020-04-15,114.4265,114.4939
199-H3-30,2020-05-16,115.8695,115.1125
199-H3-30,2020-06-15,116.4477,115.9357
199-H3-30,2020-07-16,115.9534,115.9652
199-H3-30,2020-08-16,115.3005,115.4642
199-H3-30,2020-09-15,114.5313,114.7658
199-H3-30,2020-10-16,114.3595,114.2891
199-H3-30,2020-11-15,114.8785,114.4034
199-H3-30,2020-12-16,114.7854,114.6036
199-H3-32,2019-04-15,115.01,114.7232
199-H3-32,2019-05-16,115.3462,115.0923
199-H3-32,2019-06-15,115.2611,115.369
199-H3-32,2019-07-16,114.9267,115.0592
199-H3-32,2019-08-16,114.8902,114.7787
199-H3-32,2019-09-15,114.511,114.4553
199-H3-32,2019-10-16,114.3647,114.2214
199-H3-32,2019-11-15,114.6239,114.3636
199-H3-32,2019-12-16,114.6278,114.5045
199-H3-32,2020-01-16,114.7511,114.7046
199-H3-32,2020-02-14,115.0623,115.0525
199-H3-32,2020-03-16,114.8137,115.0475
199-H3-32,2020-04-15,114.6612,114.8538
199-H3-32,2020-05-16,115.7092,115.3952
199-H3-32,2020-06-15,116.3238,116.1035
199-H3-32,2020-07-16,115.9869,116.143
199-H3-32,2020-08-16,115.4042,115.66
199-H3-32,2020-09-15,114.8555,114.9794
199-H3-32,2020-10-16,114.6297,114.5219
199-H3-32,2020-11-15,114.9252,114.5656
199-H3-32,2020-12-16,114.8397,114.7104
199-H3-9,2014-02-14,113.48,114.3061
199-H3-9,2014-03-16,113.72,114.4837
199-H3-9,2014-06-15,114.97,115.8335
199-H3-9,2014-08-16,114.48,115.2315
199-H3-9,2014-10-16,113.96,114.1553
199-H3-9,2015-02-14,114.68,115.2098
199-H3-9,2015-03-16,114.94,115.2588
199-H3-9,2015-05-16,114.43,114.9457
199-H4-15CS,2014-03-16,114.73,115.1957
199-H4-15CS,2014-05-16,116.92,116.222
199-H4-15CS,2014-10-16,114.61,114.816
199-H4-15CS,2014-11-15,114.99,114.9246
199-H4-15CS,2015-03-16,115.87,115.9352
199-H4-15CS,2015-05-16,115.54,115.5906
199-H4-15CS,2015-10-16,114.53,114.55
199-H4-15CS,2016-03-16,115.42,115.3802
199-H4-15CS,2016-05-16,116.09,115.9441
199-H4-15CS,2016-10-16,114.87,114.5723
199-H4-15CS,2016-11-15,115.34,114.8411
199-H4-15CS,2017-03-16,115.75,115.6224
199-H4-15CS,2017-05-16,117.56,116.733
199-H4-15CS,2017-10-16,114.41,114.573
199-H4-15CS,2018-03-16,115.65,115.5864
199-H4-15CS,2018-11-15,114.85,114.5075
199-H4-15CS,2019-03-16,114.79,114.7338
199-H4-15CS,2019-10-16,114.19,113.9636
199-H4-15CS,2019-11-15,114.7,114.1795
199-H4-15CS,2020-03-16,114.89,114.7852
199-H4-15CS,2020-10-16,114.21,114.197
199-H4-15CS,2020-11-15,114.96,114.3381
199-H4-90,2014-06-15,116.44,116.3789
199-H4-90,2014-09-15,115.83,115.9191
199-H4-90,2015-01-16,115.69,115.6641
199-H4-90,2015-02-14,116.09,115.8308
199-H4-90,2015-06-15,115.73,115.6861
199-H4-90,2015-09-15,115.04,115.1762
199-H4-90,2015-12-16,114.87,114.9041
199-H4-90,2016-03-16,115.05,115.096
199-H4-90,2016-06-15,115.38,115.5515
199-H4-90,2016-11-15,114.99,114.8969
199-H4-90,2017-02-14,115.23,115.1912
199-H4-90,2017-05-16,116.42,116.035
199-H4-90,2017-07-16,115.85,116.0345
199-H4-90,2017-10-16,115.16,115.0728
199-H4-90,2017-11-15,114.86,114.8271
199-H4-90,2018-02-14,115.19,115.1775
199-H4-90,2018-05-16,116.06,115.8463
199-H4-90,2018-06-15,116.5043,116.2177
199-H4-90,2018-07-16,115.9138,115.8798
199-H4-90,2018-08-16,115.6179,115.5472
199-H4-90,2018-09-15,115.2378,115.2174
199-H4-90,2018-10-16,114.989,114.8873
199-H4-90,2018-11-15,114.9939,114.7844
199-H4-90,2018-12-16,114.969,114.7679
199-H4-90,2019-01-16,114.9119,114.7505
199-H4-90,2019-02-14,114.8655,114.742
199-H4-90,2019-03-16,114.808,114.7194
199-H4-90,2019-04-15,114.6801,114.6831
199-H4-90,2019-05-16,114.9506,114.8658
199-H4-90,2019-06-15,115.0669,115.0575
199-H4-90,2019-07-16,114.9013,114.959
199-H4-90,2019-08-16,114.7775,114.7851
199-H4-90,2019-09-15,114.5844,114.5943
199-H4-90,2019-10-16,114.4627,114.4552
199-H4-90,2019-11-15,114.4565,114.4439
199-H4-90,2019-12-16,114.4954,114.4739
199-H4-90,2020-01-16,114.5211,114.5852
199-H4-90,2020-02-14,114.7011,114.7846
199-H4-90,2020-03-16,114.7148,114.8514
199-H4-90,2020-04-15,114.6142,114.7759
199-H4-90,2020-05-16,114.9482,115.0386
199-H4-90,2020-06-15,115.547,115.5019
199-H4-90,2020-07-16,115.7275,115.7131
199-H4-90,2020-08-16,115.412,115.5343
199-H4-90,2020-09-15,115.0145,115.1374
199-H4-90,2020-10-16,114.8224,114.8006
199-H4-90,2020-11-15,114.72,114.6931
199-H4-90,2020-12-16,114.7048,114.6974
199-H4-91,2014-06-15,116.54,116.525
199-H4-91,2014-12-16,115.43,115.3556
199-H4-91,2015-02-14,116.13,115.9076
199-H4-91,2015-06-15,115.58,115.6657
199-H4-91,2015-09-15,114.89,115.1656
199-H4-91,2015-12-16,114.87,114.9453
199-H4-91,2016-03-16,115.26,115.2155
199-H4-91,2016-06-15,115.51,115.7539
199-H4-91,2016-11-15,115.14,114.9255
199-H4-91,2017-02-14,115.4,115.4038
199-H4-91,2017-05-16,116.87,116.5492
199-H4-91,2017-07-16,115.73,116.3161
199-H4-91,2017-10-16,114.94,114.8629
199-H4-91,2017-11-15,114.44,114.7111
199-H4-91,2018-02-14,115.42,115.4343
199-H4-91,2018-05-16,116.775,116.377
199-H4-91,2018-06-15,116.6109,116.7859
199-H4-91,2018-07-16,115.8857,116.1563
199-H4-91,2018-08-16,115.5115,115.6257
199-H4-91,2018-09-15,115.034,115.1691
199-H4-91,2018-10-16,114.7969,114.8137
199-H4-91,2018-11-15,115.0281,114.8105
199-H4-91,2018-12-16,114.987,114.8965
199-H4-91,2019-01-16,114.9603,114.9063
199-H4-91,2019-02-14,114.907,114.909
199-H4-91,2019-03-16,114.7485,114.8065
199-H4-91,2019-04-15,114.6189,114.7125
199-H4-91,2019-05-16,115.2157,115.0437
199-H4-91,2019-06-15,115.2379,115.3265
199-H4-91,2019-07-16,114.9406,115.1498
199-H4-91,2019-08-16,114.8839,114.97
199-H4-91,2019-09-15,114.4989,114.7089
199-H4-91,2019-10-16,114.3377,114.4387
199-H4-91,2019-11-15,114.6058,114.5404
199-H4-91,2019-12-16,114.6481,114.7102
199-H4-91,2020-01-16,114.706,114.8154
199-H4-91,2020-02-14,114.9575,115.0179
199-H4-91,2020-03-16,114.7401,114.9979
199-H4-91,2020-04-15,114.5973,114.8362
199-H4-91,2020-05-16,115.4386,115.3221
199-H4-91,2020-06-15,116.0518,116.0508
199-H4-91,2020-07-16,115.9143,116.1534
199-H4-91,2020-08-16,115.4681,115.7692
199-H4-91,2020-09-15,114.9207,115.249
199-H4-91,2020-10-16,114.6777,114.8394
199-H4-91,2020-11-15,114.9218,114.8407
199-H4-91,2020-12-16,114.9201,114.966
199-H7-1,2019-06-15,117.11,117.1415
199-H7-1,2019-07-16,116.99,117.1355
199-H7-1,2019-08-16,117.01,117.0801
199-H7-1,2019-10-16,116.78,116.7933
199-H7-1,2019-11-15,116.85,116.7726
199-H7-1,2020-01-16,116.93,116.85
199-H7-1,2020-02-14,117.0026,116.8924
199-H7-1,2020-03-16,116.9702,116.8736
199-H7-1,2020-04-15,116.8415,116.7881
199-H7-1,2020-05-16,117.1689,116.9354
199-H7-1,2020-06-15,117.6927,117.2749
199-H7-1,2020-07-16,117.7505,117.4668
199-H7-1,2020-08-16,117.487,117.4311
199-H7-1,2020-09-15,117.2297,117.2423
199-H7-1,2020-10-16,117.03,117.0035
199-H7-1,2020-11-15,117.0247,116.9072
199-H7-1,2020-12-16,117.0599,116.9056
699-95-45C,2019-06-15,116.96,117.4453
699-95-45C,2019-07-16,116.925,117.4564
699-95-45C,2019-10-16,116.725,117.3785
699-95-45C,2020-01-16,116.73,117.306
699-95-45C,2020-02-14,116.7937,117.3134
699-95-45C,2020-03-16,116.804,117.2991
699-95-45C,2020-04-15,116.7307,117.2694
699-95-45C,2020-05-16,116.834,117.2936
699-95-45C,2020-06-15,117.1725,117.4154
699-95-45C,2020-07-16,117.3516,117.5368
699-95-45C,2020-08-16,117.2556,117.5515
699-95-45C,2020-09-15,117.0925,117.5139
699-95-45C,2020-10-16,116.974,117.4722
699-95-45C,2020-11-15,116.9236,117.4437
699-95-45C,2020-12-16,116.9212,117.429
699-96-42B,2020-12-16,,115.6616
699-97-43C,2014-03-16,115.95,115.995
699-97-43C,2014-10-16,116.16,116.2567
699-97-43C,2015-03-16,116.3,116.2815
699-97-43C,2015-04-15,116.28,116.2629
699-97-43C,2015-10-16,115.72,115.8491
699-97-43C,2016-03-16,115.74,115.9176
699-97-43C,2016-04-15,115.83,116.0359
699-97-43C,2016-11-15,115.76,115.8607
699-97-43C,2017-02-14,115.86,115.9649
699-97-43C,2017-03-16,115.88,116.0145
699-97-43C,2017-05-16,116.42,116.4733
699-97-43C,2017-07-16,116.77,116.6845
699-97-43C,2017-10-16,116.165,116.1528
699-97-43C,2018-02-14,116.04,116.1085
699-97-43C,2018-03-16,116.14,116.1622
699-97-43C,2018-05-16,116.24,116.5055
699-97-43C,2018-07-16,116.78,116.6837
699-97-43C,2018-10-16,116.31,116.1505
699-97-43C,2018-11-15,116.15,116.0622
699-97-43C,2019-01-16,116.02,116.0024
699-97-43C,2019-03-16,115.97,115.9583
699-97-43C,2019-05-16,115.96,115.9689
699-97-43C,2019-07-16,115.925,116.0343
699-97-43C,2019-10-16,115.7,115.7574
699-97-43C,2019-11-15,115.66,115.7311
699-97-43C,2020-02-14,115.73,115.8577
699-97-43C,2020-03-16,115.8,115.8824
699-97-43C,2020-10-16,115.995,116.0363
699-97-45B,2014-03-16,116.77,116.9565
699-97-45B,2014-10-16,116.88,117.2701
699-97-45B,2015-03-16,117.07,117.2537
699-97-45B,2015-04-15,117.04,117.2842
699-97-45B,2016-03-16,116.84,117.1542
699-97-45B,2016-04-15,116.93,117.2135
699-97-45B,2016-11-15,116.79,117.1847
699-97-45B,2017-03-16,116.9,117.1198
699-97-45B,2017-05-16,117.7,117.5088
699-97-45B,2017-07-16,118.67,117.8985
699-97-45B,2017-10-16,117.08,117.6088
699-97-45B,2018-02-14,117.07,117.4593
699-97-45B,2018-03-16,117.19,117.4952
699-97-45B,2018-05-16,117.46,117.6877
699-97-45B,2018-07-16,117.69,117.9191
699-97-45B,2018-10-16,117.2,117.6837
699-97-45B,2018-11-15,117.04,117.5824
699-97-45B,2019-01-16,117.1,117.452
699-97-45B,2019-03-16,116.97,117.3635
699-97-45B,2019-05-16,116.9,117.2864
699-97-45B,2019-07-16,116.98,117.3209
699-97-45B,2019-10-16,116.8,117.2101
699-97-45B,2019-11-15,116.77,117.1636
699-97-45B,2020-02-14,116.86,117.153
699-97-45B,2020-03-16,116.93,117.1423
699-97-45B,2020-10-16,117.015,117.3478
699-97-60,2015-08-16,117.25,117.7948
699-97-60,2015-10-16,117.09,117.6933
699-97-60,2016-01-16,117.15,117.601
699-97-60,2016-04-15,117.66,117.6821
699-97-60,2016-07-16,117.41,117.8545
699-97-60,2016-11-15,117.06,117.6091
699-97-60,2017-02-14,117.17,117.5694
699-97-60,2017-03-16,117.23,117.606
699-97-60,2017-05-16,117.96,117.9274
699-97-60,2017-07-16,117.95,118.2589
699-97-60,2017-10-16,117.33,118.0187
699-97-60,2018-02-14,117.36,117.8444
699-97-60,2018-03-16,117.45,117.8822
699-97-60,2018-05-16,117.855,118.0771
699-97-60,2018-06-15,118.1852,118.2556
699-97-60,2018-07-16,117.9558,118.3128
699-97-60,2018-08-16,117.7439,118.2838
699-97-60,2018-09-15,117.5673,118.1944
699-97-60,2018-10-16,117.3975,118.0767
699-97-60,2018-11-15,117.3393,117.9859
699-97-60,2018-12-16,117.3244,117.9195
699-97-60,2019-01-16,117.2947,117.8717
699-97-60,2019-02-14,117.2807,117.8382
699-97-60,2019-03-16,117.233,117.7923
699-97-60,2019-04-15,117.1643,117.741
699-97-60,2019-05-16,117.2306,117.7381
699-97-60,2019-06-15,117.3599,117.7742
699-97-60,2019-07-16,117.3091,117.791
699-97-60,2019-08-16,117.2755,117.7902
699-97-60,2019-09-15,117.2055,117.7588
699-97-60,2019-10-16,117.1106,117.6932
699-97-60,2019-11-15,117.1075,117.6462
699-97-60,2019-12-16,117.151,117.6211
699-97-60,2020-01-16,117.145,117.6063
699-97-60,2020-02-14,117.2191,117.6077
699-97-60,2020-03-16,117.2274,117.5964
699-97-60,2020-04-15,117.1308,117.5627
699-97-60,2020-05-16,117.2755,117.5894
699-97-60,2020-06-15,117.6509,117.7058
699-97-60,2020-07-16,117.8128,117.821
699-97-60,2020-08-16,117.6654,117.8618
699-97-60,2020-09-15,117.4845,117.8354
699-97-60,2020-10-16,117.3394,117.7698
699-97-60,2020-11-15,117.3183,117.7202
699-97-60,2020-12-16,117.3285,117.6951
